cost,id
22.791754028143675,1
13.397897034827524,2
7.574037386409312,3
5.372654782041742,4
4.118911216459573,5
4.039676454797644,6
3.7698988548064265,7
3.730676390945227,8
21.798980147911934,9
12.2182321595739,10
6.4558135672404875,11
4.488040402149104,12
3.396324718742639,13
3.1048375676481434,14
2.923111975113334,15
2.821021551138054,16
26.557178809269956,17
16.09969484479843,18
8.735688489880914,19
6.9602357777513415,20
5.502566709257747,21
4.9892984855701075,22
4.905393640646626,23
4.64972827059942,24
22.78462040168874,25
13.274082570474894,26
7.494737778929117,27
5.583487580915763,28
4.443276402914721,29
4.120072177243936,30
3.9808824538331296,31
3.9233257434335305,32
22.057128465773413,33
12.538645810902615,34
6.775545449288468,35
4.8544011372731575,36
3.7111137991300662,37
3.3863951088006337,38
3.2545839116858657,39
3.1673346288523176,40
8.318625555650986,41
15.759669101253966,42
16.97541715465494,43
32.39868137409665,44
29.07605994820218,45
23.27109566537635,46
17.840022501387445,47
14.63366914031868,48
17.027970035875406,49
18.212463718014057,50
17.85621119734728,51
51.97266442892405,52
35.98025713772496,53
21.818393129135625,54
9.324068585275297,55
3.533277193911828,56
9.734622210748757,57
16.04501793573587,58
13.520363415486468,59
13.235579110768306,60
12.07898289597342,61
7.498554162788241,62
23.239867892899856,63
13.67624833613697,64
7.406702624722815,65
4.7564413217245125,66
3.5076367309275374,67
3.05349323646965,68
3.017141264605907,69
2.7083137890478777,70
11.956565031213625,71
5.649620516075279,72
5.412532080049633,73
3.310329347086921,74
22.756617437999495,75
21.070637400364827,76
11.43439046070698,77
5.691946239235538,78
3.8247738892306744,79
2.7126861823814656,80
2.3495128628996644,81
2.18674120220122,82
2.141777548040175,83
11.553690583656179,84
25.53686313837201,85
23.292539871686134,86
21.223377982008376,87
12.981954579166677,88
23.042313994909268,89
13.256775053305988,90
7.108766432939186,91
5.044549330904775,92
3.886221119804043,93
3.2800536396969644,94
3.3154689587565764,95
3.107820412051018,96
4.886125443319182,97
23.052512776163013,98
13.065190485947802,99
6.418411207013507,100
4.665389028280727,101
3.260343542198377,102
2.808120662180568,103
2.7247467532007814,104
2.4993587222416,105
27.33982327704237,106
15.75582506091755,107
8.544496220897713,108
6.326379597046439,109
4.937323148804567,110
4.414513929011638,111
4.227181091928179,112
4.182967652561522,113
5.148195560077248,114
8.64551303932646,115
22.33119075766904,116
13.581265706645924,117
11.283944764642909,118
10.45371651428984,119
55.213651903708545,120
35.457279553885,121
35.51573982621209,122
26.63238088781202,123
16.84532683034372,124
10.148245100553156,125
5.378778657511927,126
2.928660729215608,127
1.9839943427541178,128
1.7004251411844145,129
1.6709418721283729,130
11.71527270550715,131
14.849006843074198,132
10.095656316104224,133
9.43097840601009,134
7.491054457358774,135
2.6265740279789243,136
10.650008488656326,137
10.760324881380594,138
6.530458212530552,139
5.530721867306747,140
2.8704215402574955,141
27.08750246682192,142
15.285757628475483,143
9.677687815171051,144
6.176167049545771,145
4.763582563785882,146
4.27513947162187,147
4.099645581300344,148
4.025003090786287,149
17.09252060843605,150
28.76445419448031,151
16.68301468252698,152
9.885364095818788,153
7.604403826990883,154
6.052249060762564,155
5.535267746661929,156
5.344996199497472,157
5.248064147617597,158
59.808592659270055,159
34.8934375714715,160
39.3404884899625,161
37.59075559100697,162
21.461542154644917,163
17.919744337126634,164
23.15869539916679,165
12.88237504745582,166
24.767272915242398,167
15.183931831328412,168
11.31973418510095,169
4.72491945485835,170
2.6988393303675333,171
2.559722033144246,172
2.4006109706170307,173
2.3171810420954584,174
20.614847278917278,175
13.037789353435851,176
6.899566546380037,177
15.772851221149953,178
6.405896747838573,179
6.519764600881881,180
30.93489997424804,181
10.380101350133636,182
8.134204490873445,183
6.269381715222243,184
27.377186651370707,185
18.069405473868695,186
11.30568000624327,187
9.674366341907431,188
7.886352611336379,189
7.5934347845670205,190
7.519684106577579,191
7.496709441448701,192
4.287745653972615,193
3.6226367354813696,194
21.800531204991284,195
12.162065365708914,196
6.244669571351077,197
4.339360679563434,198
3.2360373686431507,199
3.033810960231384,200
2.888474391230182,201
2.7550061568416306,202
21.56753098309915,203
12.007422491722208,204
6.2595805551649715,205
4.351318594928963,206
3.1998269473507137,207
2.8887296857121276,208
2.7515846872472975,209
2.6645826599989255,210
21.49259445522254,211
11.958290066334758,212
6.207108297629784,213
4.288418372796476,214
3.138794687161698,215
2.825816265840443,216
2.6844375571653587,217
2.602985357456263,218
21.30048430337697,219
11.672039603406521,220
5.945990563549408,221
4.058699857371699,222
2.8996214880776514,223
2.6188887485070436,224
2.4718644845041124,225
2.3598909790851432,226
21.477038384682945,227
11.948652678334884,228
6.231779211135045,229
4.317683507859143,230
3.164710590868059,231
2.858126141753335,232
2.694377740071892,233
2.6171631576069254,234
21.477038384682945,235
11.948652678334884,236
6.231779211135045,237
4.317683507859143,238
3.164710590868059,239
2.858126141753335,240
2.694377740071892,241
2.6171631576069254,242
18.64504520928659,243
11.101359292674735,244
10.652031421582853,245
6.368842544232621,246
23.512149433152363,247
13.760053416851362,248
7.668697453192713,249
5.204440129640109,250
3.968270174823373,251
4.011639618269331,252
3.898971087527118,253
3.8388278717698,254
12.778130480105785,255
25.284999366444428,256
14.363647142797891,257
7.692814145677133,258
5.175591663091568,259
4.178859301863922,260
3.59442519470192,261
3.486381606586388,262
3.609202588522202,263
14.542630649173391,264
29.382030011847483,265
23.321258345695004,266
14.400696451663526,267
12.119424066178416,268
9.56522848713819,269
9.024948976553137,270
8.392802624716428,271
7.955987754232097,272
4.375457749039518,273
6.519600809120819,274
21.568842520578652,275
12.091155415090826,276
6.30399030668174,277
4.422367972493448,278
3.2110505443237494,279
2.900254851645627,280
2.764434610309101,281
2.677209860165642,282
6.501048667935776,283
5.988845109401713,284
11.89356015948033,285
9.78023606379493,286
7.760905183246155,287
6.504542111635958,288
22.22355013996482,289
12.630828524344258,290
6.900522631904889,291
4.909073523194912,292
3.751651901513176,293
3.4490602688213077,294
3.3252808589472735,295
3.2359544195002377,296
21.869761089950757,297
11.914971147766607,298
6.169253966602303,299
4.189161637073616,300
3.09152526109643,301
2.783162013822041,302
2.6342462577945893,303
2.5611999735926214,304
1.9668577030347152,305
16.061844326434382,306
22.187286345124253,307
12.651639818645823,308
6.8003079902635815,309
4.897469309446951,310
3.803184251303362,311
3.5071698691654842,312
3.371252892484226,313
3.215982569810737,314
28.657954903710525,315
17.505298626582128,316
7.308890474914099,317
4.5523626794137355,318
2.4530466327042233,319
2.1085188472800778,320
2.1181718402065104,321
2.1710001023786445,322
5.868663025792629,323
23.21370505259527,324
13.234088310441116,325
7.706879944044618,326
5.704928727447342,327
4.605515448312887,328
4.338781016819676,329
4.070471587279463,330
4.022801502311769,331
28.343870286649285,332
16.407662888069442,333
9.441641149164418,334
7.226046754826759,335
5.689683248941659,336
5.297266931428958,337
5.1308309295465016,338
5.223208366438229,339
28.343870286649285,340
16.407662888069442,341
9.441641149164418,342
7.226046754826759,343
5.689683248941659,344
5.297266931428958,345
5.1308309295465016,346
5.223208366438229,347
51.51956880719246,348
12.86249056314363,349
10.806474944419497,350
7.709511552198219,351
7.392917213862367,352
3.9356994519187465,353
2.0296939980065885,354
15.37286870108896,355
7.899755141596925,356
7.62461553618154,357
10.256694808156768,358
6.02260769147829,359
5.330985316692189,360
9.108497105867434,361
14.863161474571163,362
12.218871587694089,363
11.700288626081008,364
10.769270329368632,365
8.686075221632505,366
7.850427298878632,367
8.009818811752934,368
48.48823703710841,369
21.93025069273499,370
12.476856267542635,371
6.721101219103975,372
4.776691578212567,373
3.658698283152382,374
3.3498058278525282,375
3.216470211464656,376
3.1085401647311555,377
50.90042760955577,378
19.659181345804324,379
15.036626228150018,380
14.746352048469378,381
15.659639987556076,382
25.831568219704266,383
15.751033647198016,384
9.335156684861259,385
7.627270458746493,386
6.144377931541947,387
5.888942741240882,388
5.760562104227213,389
5.507879686696662,390
28.852580004054612,391
16.83767633941016,392
9.681078886047386,393
7.345137154469878,394
5.9332284700263545,395
5.514186652045216,396
5.329789757112984,397
5.2050912625266905,398
26.209536910047646,399
15.930392144598013,400
9.708994524086254,401
7.905595868018579,402
6.564038161303061,403
6.26688719573489,404
6.155171402828682,405
5.943220150555888,406
13.950416543615008,407
10.798481626899335,408
8.989101928111074,409
4.5791357158646155,410
4.207386203430603,411
27.71345407087481,412
16.060392002617675,413
8.876601939902521,414
6.25121021236937,415
4.626843081885705,416
4.1525678634758805,417
4.7423683689266385,418
4.305693084844624,419
27.39159588849433,420
16.83415929877266,421
9.066538137124565,422
9.658530595610939,423
7.81625183975603,424
7.244836446804787,425
6.869684931336395,426
6.911327325312074,427
27.39159588849433,428
16.83415929877266,429
9.066538137124565,430
9.658530595610939,431
7.81625183975603,432
7.244836446804787,433
6.869684931336395,434
6.911327325312074,435
27.912489005073635,436
16.07268102014804,437
9.625020994426157,438
7.548171843553071,439
6.647095253453829,440
6.076274067831338,441
5.949099032014569,442
5.722064706165696,443
29.521993990194936,444
18.678453601766133,445
14.180000318317626,446
11.865681087359235,447
10.202907316366302,448
8.980512998946562,449
8.815928280645545,450
8.842970798486487,451
20.790358835022605,452
11.14086442007161,453
5.457431794520965,454
3.5289035865381155,455
2.38683293709234,456
2.0616287548735297,457
1.919302899701964,458
1.8458160760232067,459
22.987094357350454,460
13.202468076280274,461
6.612212956918829,462
5.252107484029431,463
3.78001011846136,464
3.3804416075820347,465
3.5172295680866807,466
3.278971508705882,467
9.843005723949945,468
10.26911723682454,469
10.261142981713526,470
10.122724957532947,471
5.893542920109638,472
29.397936377660756,473
17.25233839036343,474
9.741534405201847,475
7.4534428352291995,476
5.829299378143888,477
5.399692442740279,478
5.215086846992485,479
5.2027775702495855,480
28.626330807224015,481
16.686828612061532,482
9.515853141670888,483
7.262748358068561,484
6.068375586288878,485
5.686475182230816,486
5.502913053073196,487
5.0450052695748235,488
3.6679990707202843,489
12.113294351053268,490
11.674645080331496,491
8.36944808213901,492
6.419720765614185,493
21.83599725871527,494
12.787781985938551,495
6.834998085418456,496
5.031927561580257,497
3.995342953945153,498
3.4100401234774123,499
3.289184955483177,500
3.202430649328059,501
21.512079059690834,502
12.15916889655994,503
6.43752682241611,504
4.512144050378068,505
3.350438242056185,506
3.0550686807755527,507
2.9588404533545742,508
2.8686422629924437,509
22.130812967462468,510
11.939367448245028,511
6.351402409826747,512
4.4605732877286615,513
3.2806002874472022,514
2.915398150283071,515
2.6533625203180384,516
2.6905990529002453,517
11.429564134074141,518
10.874185314502055,519
9.4045680722238,520
7.576256983804852,521
27.728739281600284,522
16.00816197148326,523
8.734726654501655,524
6.513774287805835,525
5.113617210684223,526
4.577581647355983,527
4.2274281344480436,528
4.06869331981979,529
20.14590975528368,530
12.263990830963035,531
10.091964202695404,532
8.281176650127179,533
156.5208735741771,534
121.78934779741468,535
89.3245476346288,536
27.3527670314273,537
13.767327144329139,538
12.77509094599571,539
3.6561702686325863,540
28.669169497184757,541
6.927843985048959,542
2.7215165242813515,543
1.3982820024348024,544
7.882137301280186,545
5.40821024929909,546
4.064929011498114,547
3.3897268017485263,548
5.468053488271583,549
4.496856883032107,550
4.601575146795729,551
4.942357263748469,552
4.927000373969329,553
3.5394040516906053,554
9.691542181365861,555
5.190992926669446,556
3.1133640264815092,557
3.164146794028992,558
3.07623743885673,559
1.5886672433434559,560
11.098370085811645,561
10.166607113816514,562
27.709452644761118,563
23.055421211009513,564
13.204239878166547,565
7.140192623415612,566
5.9309812344341575,567
3.8395790282097653,568
3.982809929592017,569
3.921674619557409,570
3.8677709369762234,571
24.087212216540255,572
13.295955405588888,573
7.359866434465007,574
5.782477194453065,575
3.6203211019909274,576
3.8689929163067367,577
3.56635847881985,578
3.7213194373944085,579
21.868210534440216,580
12.271681501634818,581
6.64828528618417,582
4.711189245568591,583
3.5832341154301313,584
3.245274096389052,585
3.112504751592041,586
3.02443200290379,587
20.90576014605261,588
11.333912992563095,589
5.566893987234239,590
3.623187521122717,591
2.502290296927876,592
2.1869019301503987,593
2.047244995963203,594
1.9461498500794003,595
21.868210534440216,596
12.271681501634818,597
6.64828528618417,598
4.711189245568591,599
3.5832341154301313,600
3.245274096389052,601
3.112504751592041,602
3.02443200290379,603
21.575143340482917,604
12.022228855532012,605
6.222616159257396,606
4.323797429824221,607
3.1731818926771975,608
2.796352943955428,609
2.704902618387214,610
2.60347324599227,611
21.26366124447955,612
11.825011722080104,613
6.043453235713415,614
4.122701113526924,615
2.9961345851439742,616
2.7440209965182327,617
2.5720868076165506,618
2.488013223603565,619
21.476337769864177,620
11.91573489138073,621
6.1478061138261575,622
4.228816882843929,623
3.0567000751904927,624
2.7339445428503186,625
2.6002593767358926,626
2.522600614144196,627
75.16691956588717,628
38.29227020817257,629
17.13516341603763,630
15.729894248428922,631
15.105030802187587,632
15.410386639756622,633
80.02888141327342,634
17.626953649986824,635
13.66527362168014,636
14.029554675925706,637
15.200949566430388,638
22.57172715746645,639
13.308528174762282,640
7.555908753738988,641
4.81582205278417,642
3.698924735269944,643
3.347860850949422,644
21.651916079414693,645
11.258000092614251,646
5.751088432587094,647
4.098303917890667,648
2.8138243748590313,649
2.5007735260811854,650
2.31583225987803,651
2.1567346244782417,652
21.329848663581334,653
11.903948738217572,654
6.147915640347676,655
4.283941140090801,656
3.104440834237516,657
2.790475061557621,658
2.627431737571938,659
2.5352947819396956,660
3.080422900670055,661
8.672711882796905,662
8.177713179546004,663
7.532954799377442,664
6.551742294981329,665
3.549319642506917,666
1.9772871222230104,667
2.6920646568848188,668
5.5071224624241175,669
28.97753475539546,670
12.488854822705836,671
9.447318801399973,672
21.29275273308278,673
11.621997771747155,674
5.987727650568442,675
4.074590266143258,676
2.8860706594384005,677
2.598970631386888,678
2.3787637252751166,679
2.3085200132277373,680
30.13749540536755,681
6.316036291683485,682
2.2290114220183415,683
10.89053353812893,684
10.090042921828598,685
47.88206340468325,686
24.261145431369442,687
19.576351268913978,688
18.395538210927015,689
9.026650803924323,690
3.454257282968403,691
20.767851910875503,692
11.231746243575655,693
5.536208998275919,694
3.6072868662274438,695
2.4454866015251144,696
2.136985449310992,697
2.0062017863080146,698
1.915026362335155,699
25.31239457355113,700
13.132689482662606,701
7.316966544078646,702
4.894576086583287,703
3.610312269373407,704
3.2363947958423336,705
2.878914012478691,706
2.9081386163887517,707
21.329848663581334,708
11.903948738217572,709
6.147915640347676,710
4.283941140090801,711
3.104440834237516,712
2.790475061557621,713
2.627431737571938,714
2.5352947819396956,715
8.381815925032566,716
10.061066154339683,717
7.0498952262085055,718
7.835716481037485,719
6.8384965759703435,720
21.76422979094345,721
25.681440685671696,722
15.640076238880582,723
14.298319545197948,724
25.719691795262158,725
28.110941598651806,726
19.75719687286154,727
18.769883648742663,728
22.039849422692072,729
12.507304054361908,730
6.557488982838226,731
4.715527479161938,732
3.568505999862491,733
3.101199761123669,734
2.8529767737350884,735
2.8117474763653036,736
22.83367178628488,737
14.734923313240738,738
8.410167624658635,739
5.596735686896122,740
4.555659211116339,741
4.293988477803545,742
4.162672744153867,743
4.388680673427924,744
24.312317530826245,745
12.119233292442246,746
6.544317354905189,747
5.163497419706537,748
3.7555873329057974,749
3.5460255834822116,750
3.230774754574765,751
3.2289352733098995,752
4.070348309537268,753
3.4751962504175418,754
15.645402906055978,755
8.355094553501788,756
7.86996756453272,757
6.323454757873359,758
4.588785261043644,759
3.4300085427670934,760
3.0031999866337142,761
2.859302047040865,762
23.445975658137424,763
8.39295670727095,764
5.973321362875653,765
4.756270211322332,766
3.009472632791161,767
2.602039862718481,768
1.4003574704004582,769
7.429910913657005,770
14.017737130301342,771
13.202534539989392,772
22.982224115016404,773
17.51396334819757,774
15.082299017454915,775
9.914662431600938,776
7.172455654339163,777
7.933052512564298,778
6.47533641540833,779
5.6720894988376935,780
3.5375754104742843,781
3.415095331766159,782
13.641066831954967,783
4.535712794810662,784
4.2633954343314056,785
2.786717257846807,786
2.622557810824908,787
35.13528442185322,788
16.711364381992006,789
13.421810428880914,790
13.366062975688413,791
23.257169184416018,792
13.955369361052758,793
7.863714644657791,794
5.993571213747685,795
4.833377363678475,796
4.085536594397034,797
3.77216229072284,798
3.727516572956791,799
25.818160070292247,800
16.860059607372435,801
11.029593239437615,802
8.329367156096367,803
6.3050751496110875,804
5.968442224235781,805
17.553457774768074,806
11.391431364224534,807
11.16592038707878,808
6.9773187332927185,809
5.631844225181161,810
3.7335064068369457,811
3.631129747799102,812
21.365936722454837,813
12.531167060519733,814
6.045647229316043,815
3.527387228066501,816
2.468354351657293,817
2.351036811597131,818
2.2448613517341927,819
2.193134755530051,820
197.0827863971143,821
97.1152250964692,822
91.3608126378232,823
56.06788949828706,824
217.22416908676632,825
113.71105071231977,826
96.75851660975499,827
59.980671140602674,828
177.95399759077915,829
170.66533283738272,830
83.0364644757891,831
52.23775088867588,832
33.32447080727644,833
31.326456831265713,834
29.269418573907615,835
17.58666647863607,836
11.623954957699207,837
8.6537207364568,838
8.150262920939774,839
7.53833602308404,840
7.342697276631628,841
6.43145751143196,842
5.9035281898614596,843
2.954589474253662,844
2.948889733761639,845
13.82079483065117,846
23.572512112136142,847
12.895766625942006,848
9.602860491181065,849
9.23804018901683,850
9.830022083700069,851
3.3012746323151747,852
27.730931440608586,853
19.053163869097112,854
19.182900626008312,855
18.23548557521696,856
11.741912385534226,857
4.907487404884329,858
4.572360696885524,859
4.623978472653435,860
4.786754216151556,861
71.14417965766141,862
91.00166606946713,863
51.4661564934422,864
45.14121539717765,865
40.478548602760576,866
28.11485431613963,867
155.6519318786794,868
72.00244428384414,869
93.2931105326775,870
60.983351661586696,871
26.713284037636775,872
6.356989681252027,873
2.637864204183427,874
23.624107634987976,875
13.96161553189244,876
7.830636528365134,877
6.157862555932395,878
4.59543490069053,879
4.412132292455602,880
4.035783950198894,881
3.98994730856017,882
23.315657880224,883
13.79287474917357,884
7.885727664932817,885
5.972941745296797,886
4.724648849455477,887
4.42306080405443,888
4.374211154759253,889
4.284722791477337,890
21.88075200466959,891
12.317548586981827,892
6.668835941554766,893
4.689988549410543,894
3.5236187406382653,895
3.2005891363256245,896
3.06055224964055,897
2.975212751303869,898
28.911263803806783,899
16.830113096521654,900
9.253626157173874,901
7.44863634168551,902
5.9695928793834465,903
5.487187515281367,904
5.227842667049236,905
5.077362522415765,906
3.845757491913714,907
8.507213463311173,908
8.629658881609357,909
5.879647167018671,910
5.694997721015987,911
22.346602845530597,912
11.920777767391606,913
6.152353014551927,914
4.531180420564942,915
3.3404435370483383,916
3.0202453170634196,917
3.0037944383472133,918
2.9597591721633165,919
21.732128256000202,920
12.54353784243733,921
6.422314468821071,922
4.826757174818204,923
3.654100449208341,924
3.500156305918492,925
3.5194653657492823,926
3.323504717655815,927
18.772434650999532,928
10.898248599197156,929
6.323810997065274,930
5.159170285450266,931
4.636068799165471,932
4.116039430824852,933
3.8374635878371635,934
3.9234453924524098,935
22.423740363439656,936
7.600660808467345,937
10.624809051198437,938
8.867281329338505,939
8.344634393469843,940
8.34495798491369,941
19.81399371322048,942
10.190742083251099,943
9.280282111466077,944
7.526959084199014,945
4.708487160658979,946
10.757304281603263,947
6.2831265912511425,948
29.081753116430434,949
17.064559616425054,950
10.056874827644853,951
7.7748537286670985,952
6.304165635287522,953
6.003671751285298,954
5.43363408172611,955
5.4702908132703,956
28.76248175842345,957
16.949958164992026,958
9.975349787270677,959
7.663151734052942,960
5.846984985358595,961
5.448635167687854,962
5.410355463363418,963
5.330744838607182,964
25.46199834688618,965
15.28381491083102,966
9.22852795104554,967
7.135511779770537,968
5.91741409821563,969
5.578622982160007,970
5.421643113573041,971
5.329946732313216,972
27.178385542968297,973
16.308401660993216,974
8.856298139205835,975
6.595705044117967,976
5.139455093157757,977
4.739319711471982,978
4.24284020047119,979
3.8865651535841947,980
28.293021193809366,981
16.427333192776906,982
9.333422157295754,983
6.940306251199523,984
5.517410977766086,985
5.110627605423109,986
4.924281084444064,987
4.810359749956172,988
2.079332131409752,989
1.9317745061146736,990
3.300675333063631,991
3.437982062012498,992
2.2532418648721113,993
2.231991379606481,994
54.23381049982608,995
20.685472439983794,996
13.890290897387873,997
7.677074959921359,998
5.453288779912261,999
3.7400990403311436,1000
4.328563206947793,1001
3.6979407220798155,1002
3.6452003171788743,1003
23.7125480111219,1004
12.823206620167111,1005
7.091922182138187,1006
5.839497140838156,1007
4.342675719292969,1008
4.0071965357574815,1009
3.8908576374475397,1010
3.751650397114693,1011
27.71168989186828,1012
17.48191480631138,1013
11.431641779939955,1014
9.366076696424036,1015
8.127493892684242,1016
7.782897276442007,1017
7.6612387112003715,1018
7.525140411632661,1019
28.175162878448695,1020
15.989417636127666,1021
9.12710865076082,1022
6.708922058217058,1023
5.378512899329483,1024
5.042448808899347,1025
4.876875817476887,1026
4.792007484402532,1027
3.2839871923623583,1028
4.679478213905933,1029
33.778273929020116,1030
8.048634778848593,1031
34.91600493256296,1032
36.75759519143902,1033
30.48624626730995,1034
20.520583304934856,1035
13.829819664970225,1036
11.374395936567375,1037
8.425246985272755,1038
7.784698036215901,1039
7.670936151362548,1040
7.722951609300004,1041
30.53920193115457,1042
20.705650994528106,1043
16.09364431157229,1044
13.070225632870459,1045
10.250865388288563,1046
9.656538040103198,1047
9.182128796527891,1048
9.128683980529717,1049
4.235042418058794,1050
26.878549182256567,1051
17.206768562500823,1052
10.436419438857456,1053
8.299942509395219,1054
6.676213392203748,1055
6.547645662208046,1056
6.355209821207226,1057
6.204540178299819,1058
3.3673054432958156,1059
3.347942696310426,1060
2.9768302848720416,1061
2.5175928106155174,1062
1.8589300459935931,1063
52.16802000890525,1064
49.85059829926134,1065
24.8256745856133,1066
3.941683514454233,1067
29.065539058174217,1068
18.122583819640738,1069
10.537745809847317,1070
9.270291944613206,1071
7.079033157767286,1072
6.500247430733551,1073
6.542807261792492,1074
6.367907887239769,1075
3.989784814628907,1076
14.99588913863026,1077
29.055152936687566,1078
17.218118477838566,1079
9.492183194251087,1080
7.239890297423831,1081
5.8074306932818365,1082
5.425902982511436,1083
5.200808934794978,1084
5.0823623599259244,1085
3.4818785409641175,1086
2.9740772099124304,1087
2.779988112371635,1088
2.899682716224614,1089
7.821886250764979,1090
7.8392912318908134,1091
7.517626108025656,1092
7.241738379302996,1093
19.266478202919245,1094
18.256724523570295,1095
14.78119066996731,1096
21.97491289304169,1097
12.431885747725106,1098
6.735234925470533,1099
4.760987230852772,1100
3.644088744098123,1101
3.3306467843718073,1102
3.1904454442444083,1103
3.1050564941964343,1104
22.078661387594607,1105
12.586321396770636,1106
6.727645465243432,1107
4.868277660691496,1108
3.7543865795390206,1109
3.4357094915289297,1110
3.3013391692586405,1111
3.2297100403428987,1112
18.261949068357442,1113
8.363927234244475,1114
8.420511692363327,1115
6.564654506015325,1116
4.60395687251043,1117
15.688226780700063,1118
5.1921564613757205,1119
10.936668010861046,1120
5.974406249538763,1121
11.420132595901363,1122
20.35360162261166,1123
4.280490473081695,1124
1.6307727135456842,1125
21.833923587990252,1126
12.184677501356793,1127
6.325628176855049,1128
4.376128668372427,1129
3.1474905840480445,1130
2.93598586734299,1131
2.858815482125208,1132
2.8254424233165722,1133
25.107931924022264,1134
15.637595200572228,1135
14.110459262003836,1136
22.28636561944898,1137
12.028813142028394,1138
6.29322717715771,1139
4.8303795965518095,1140
3.515905559134457,1141
3.1340760355306965,1142
3.0358331632281668,1143
2.9992202839107414,1144
2.946648849452865,1145
8.684730894074637,1146
2.5725837421937223,1147
28.605017267779694,1148
6.957779619033013,1149
3.1503057470778284,1150
3.84904920014885,1151
5.964251027492295,1152
28.80419439304793,1153
6.9280905392567895,1154
2.495538724195063,1155
8.89510872429316,1156
5.559300280804582,1157
5.185304968778898,1158
5.728225624352054,1159
21.723937618333935,1160
11.862059843778525,1161
6.034825844027312,1162
4.177889227642994,1163
2.989449492369312,1164
2.67411803145876,1165
2.5576045652613746,1166
2.451761608759873,1167
27.52872043802943,1168
15.355883556673547,1169
8.644512496035693,1170
6.182164439776985,1171
4.9117758378127805,1172
4.4827376541358825,1173
4.309432605446297,1174
4.207359649133106,1175
27.604711117250417,1176
15.455513435466191,1177
8.70322167579813,1178
6.118561788448125,1179
4.863638395783603,1180
4.537565264943781,1181
4.337310912696743,1182
4.237737863549705,1183
74.19220451527164,1184
42.70360142228225,1185
27.84327967366978,1186
30.24520753786358,1187
27.125715134542883,1188
25.48419465671922,1189
24.015660163145903,1190
13.531568401157623,1191
6.618840191353526,1192
5.337220706895473,1193
3.7654207087384792,1194
3.4040512486168617,1195
3.472065265783329,1196
3.227275137665201,1197
7.003480234098513,1198
1.8488211590340096,1199
1.9492436333421257,1200
8.202585430145334,1201
27.912427804921986,1202
16.567870623476733,1203
9.376204794265487,1204
7.166101919056823,1205
5.925594289936076,1206
5.477719366965909,1207
5.285963759879367,1208
5.204481693492616,1209
28.21592208441502,1210
16.276063101771495,1211
9.179376794681245,1212
6.83619225084823,1213
5.263517483867753,1214
4.9554857188515165,1215
4.683669124349574,1216
4.593723346423264,1217
6.458158094234456,1218
2.346592356212737,1219
1.3113941057596403,1220
2.7365104058356926,1221
3.947296884344927,1222
4.413112190187477,1223
3.6869102644707814,1224
22.962923872514832,1225
13.584962393687732,1226
7.892840308470877,1227
5.736190003818186,1228
4.543528384838679,1229
4.201770896932404,1230
4.098706121140179,1231
4.0982637747117225,1232
29.903386435287462,1233
17.79662439718589,1234
10.604011598156765,1235
8.216776328525109,1236
6.771956288929987,1237
6.34889263500347,1238
6.179295215984322,1239
6.118291215767565,1240
26.205064242886593,1241
15.702468020281643,1242
9.959919763470278,1243
7.471651177606203,1244
6.31084442013504,1245
5.939205282491475,1246
5.570532707665197,1247
5.53906703999078,1248
47.38400675766123,1249
25.62506066631829,1250
17.840740314599298,1251
15.297652014044642,1252
56.146225434333395,1253
28.06807744630312,1254
15.893676550512827,1255
8.981917162300462,1256
6.660274276804029,1257
4.9954482782172365,1258
4.758963345445985,1259
4.505313988012117,1260
4.438915520815864,1261
1.6418076337057128,1262
1.5659104583857362,1263
21.959077261954274,1264
12.330718052053617,1265
6.590452167271776,1266
4.768154335352065,1267
3.5797228763909392,1268
3.3129776756306533,1269
3.127399095100346,1270
3.0453347097528987,1271
30.539497855442825,1272
12.632461043520417,1273
9.909614984041738,1274
10.28312654024248,1275
23.734984155524398,1276
14.190448040707663,1277
8.463884648730481,1278
6.5557509629634385,1279
5.376194922717168,1280
5.06866863221349,1281
4.9359735747019755,1282
4.85246890503094,1283
10.88693301695243,1284
28.342806647497934,1285
16.526894018294392,1286
9.44835805147162,1287
7.218521262086773,1288
5.717261931064215,1289
5.316261550773629,1290
5.127649487879873,1291
5.010052973835106,1292
8.054732280796662,1293
9.068394293456075,1294
27.480260638906262,1295
14.904345155034338,1296
8.580728736925689,1297
6.787807665731124,1298
5.600651703133694,1299
5.237172621928738,1300
4.8288516584916135,1301
4.47034004014971,1302
27.429156743314657,1303
14.814660428610365,1304
8.535355461472443,1305
6.797348038394884,1306
5.518188124299546,1307
5.1955359514837935,1308
4.815956846362085,1309
4.504027274061725,1310
27.429156743314657,1311
14.814660428610365,1312
8.535355461472443,1313
6.797348038394884,1314
5.518188124299546,1315
5.1955359514837935,1316
4.815956846362085,1317
4.504027274061725,1318
543.4765184040618,1319
27.10093023592487,1320
15.631909922792723,1321
8.660658083018982,1322
6.242489452002727,1323
4.752770013210896,1324
4.376384655924165,1325
4.187642171590569,1326
4.075822635782767,1327
26.979792676599068,1328
15.892172431642821,1329
9.905122372616018,1330
8.364873548622018,1331
6.291326273829619,1332
6.11896904504415,1333
5.707998432254927,1334
5.715741915742762,1335
16.105781537635366,1336
15.382489200428456,1337
16.998241454772476,1338
18.7928788050933,1339
28.31312897282432,1340
16.718591686288395,1341
9.610446288219157,1342
7.247362319614373,1343
5.784854348606549,1344
5.274749175372434,1345
5.100576982043503,1346
5.0030106649066575,1347
6.3010483299916755,1348
17.300476801176913,1349
7.067432122804758,1350
5.156158027880527,1351
11.604981350127092,1352
7.140828951520275,1353
6.154215179111665,1354
5.72684271318243,1355
2.3431794812640834,1356
22.224917615989707,1357
12.543639846979191,1358
6.944385684333361,1359
4.947497634769745,1360
3.7770526530840915,1361
3.4733754794226313,1362
3.322917102690489,1363
3.240378842962347,1364
22.216264729506623,1365
12.608187978425507,1366
6.796731796498889,1367
4.918046554726711,1368
3.7532303701426346,1369
3.459545960362868,1370
3.324178961875382,1371
3.235962017870942,1372
49.6008895892944,1373
13.408408488394922,1374
2.597423100848554,1375
21.734511569060615,1376
12.023260508528695,1377
6.381037632166931,1378
4.528541635048108,1379
3.3470005211254863,1380
3.0036468840410913,1381
2.9380963499185575,1382
2.8141838155796943,1383
22.208379681418247,1384
12.833699961758539,1385
6.888805280370658,1386
4.651804660250122,1387
3.529013793284796,1388
3.3182810353777263,1389
3.16556400874683,1390
3.1096973407361976,1391
22.419529577073163,1392
13.489415286038424,1393
7.61381986237713,1394
5.754358007072191,1395
4.502550033491605,1396
3.869949547310942,1397
3.8161074315208796,1398
3.8514806078674577,1399
24.582491987761436,1400
14.33913830691251,1401
8.534818407054198,1402
6.331675355652439,1403
5.275151332067682,1404
4.830297628320656,1405
4.496837516091364,1406
4.407547208339624,1407
18.68784758415483,1408
8.888538412814002,1409
8.535604874745628,1410
10.283302321816192,1411
4.954433554227239,1412
2.8602114626975537,1413
4.037192912254704,1414
26.996205326195682,1415
18.981512392412462,1416
11.968972759785181,1417
10.05062744389856,1418
7.611810096629129,1419
7.224481265650538,1420
7.084800463561217,1421
6.813989874842524,1422
29.092733330130613,1423
17.39267131129319,1424
10.838788541112223,1425
8.742849257800751,1426
7.01151215000057,1427
6.764701658382107,1428
6.488701355104074,1429
6.472084613520912,1430
29.36583066456617,1431
17.9671206813434,1432
10.800182412416484,1433
8.513703229092513,1434
7.042247120842777,1435
6.637876126390415,1436
6.449861803474827,1437
6.337037431259016,1438
3.6547024866840867,1439
22.624214366434725,1440
12.988056881041794,1441
7.287142794971473,1442
5.378990178681415,1443
4.182450022337658,1444
3.9421554671295023,1445
3.84421207899659,1446
3.762963727374844,1447
15.188694045930085,1448
12.13017917476315,1449
5.564563019876095,1450
14.769904244158253,1451
57.10280928044162,1452
26.087179373828246,1453
64.78344198324751,1454
6.380365754395692,1455
5.189070867428665,1456
26.395453650155723,1457
16.53154689265984,1458
11.042285735559366,1459
12.406216210334776,1460
10.482510422244866,1461
9.605422329175665,1462
8.662700493631272,1463
31.900696722798994,1464
5.6747606522294545,1465
13.785445022821817,1466
8.92607256895629,1467
8.819462180121898,1468
8.463840455341352,1469
17.387207445918822,1470
9.759949516064898,1471
65.23213298306646,1472
25.547909414895997,1473
18.939124801494824,1474
17.629240721405367,1475
10.194199855206003,1476
6.798180361716955,1477
6.349873202950312,1478
6.133995794942575,1479
6.122417930226054,1480
2.917320834531552,1481
5.203533925369955,1482
4.832829781039355,1483
20.760829409964078,1484
11.199844677285318,1485
5.335698521149902,1486
3.433240471811747,1487
2.263753849428796,1488
1.924717673789424,1489
1.7864111341065492,1490
1.7717918389029848,1491
12.655258608659452,1492
9.448251696281416,1493
8.945273650991673,1494
9.072670135153434,1495
22.83583052045426,1496
14.821708345194041,1497
10.813209546975227,1498
9.69569481615047,1499
6.338939890548161,1500
2.436293646899226,1501
3.6708862167344,1502
9.063716533044982,1503
25.772224472561465,1504
15.163408962083551,1505
8.750333479343704,1506
6.420314603359199,1507
5.644230763153869,1508
5.236699048694311,1509
5.0573566847162885,1510
4.880366155536289,1511
26.323564271098387,1512
21.13086439140434,1513
19.31578310096232,1514
9.39187177551953,1515
7.334617493435449,1516
6.477206315686521,1517
6.268477539727731,1518
6.265712796580721,1519
22.362181847634123,1520
12.79752524674166,1521
7.057759280420593,1522
5.145929173392859,1523
3.996934018844677,1524
3.699744290968328,1525
3.532001351165345,1526
3.507355991637491,1527
12.305950842271757,1528
3.2919426567624015,1529
31.380925968799506,1530
17.693270457715343,1531
10.285474144812508,1532
9.546473549797819,1533
7.5715085345671485,1534
7.131601531437942,1535
7.077431731854769,1536
7.8367982329355765,1537
13.289827150994261,1538
5.884298402791992,1539
13.401454895120992,1540
9.399106883902332,1541
7.769768273019751,1542
5.454300924214068,1543
25.474877414463062,1544
17.302624752179447,1545
7.320594314646065,1546
26.950132426273484,1547
52.492202102648434,1548
4.888453736062791,1549
4.973079737068846,1550
7.79000194971519,1551
26.29605013756926,1552
14.806153269536269,1553
8.293876922058063,1554
7.047986810110978,1555
5.651456698862381,1556
5.147994164988589,1557
4.791452576173339,1558
4.465108280537822,1559
26.29605013756926,1560
14.806153269536269,1561
8.293876922058063,1562
7.047986810110978,1563
5.651456698862381,1564
5.147994164988589,1565
4.791452576173339,1566
4.465108280537822,1567
27.180110504123956,1568
15.384397992870387,1569
8.848750987657676,1570
6.509864293482227,1571
5.131946365372851,1572
4.709428873472865,1573
4.2236611882653055,1574
4.026182396276305,1575
27.180110504123956,1576
15.384397992870387,1577
8.848750987657676,1578
6.509864293482227,1579
5.131946365372851,1580
4.709428873472865,1581
4.2236611882653055,1582
4.026182396276305,1583
8.307391099148912,1584
22.20300878181922,1585
12.645042009435192,1586
6.901950138887468,1587
4.8870178582963835,1588
3.8498522380771125,1589
3.5766072368955917,1590
3.471724407076557,1591
3.3547630400131663,1592
22.298056394968675,1593
12.774811356706326,1594
7.087321838696041,1595
5.075656980221834,1596
4.0403815447131315,1597
3.736164192307697,1598
3.5753011076798757,1599
3.524723219652603,1600
6.857217365254272,1601
5.5984508694894,1602
13.19243139247376,1603
12.360879771346283,1604
12.01125242936969,1605
7.75457813121026,1606
22.382376014451673,1607
12.377165515664208,1608
6.764140431093901,1609
5.0727245130776435,1610
3.8840414537281926,1611
3.568818331381039,1612
3.3744104240672153,1613
3.379984823782358,1614
11.943189101298513,1615
9.298205909321997,1616
8.460491324653013,1617
7.032613318317445,1618
45.40112258655596,1619
22.378102280539974,1620
11.634056023736186,1621
11.185399797274878,1622
2.932822990646338,1623
23.44399934693446,1624
14.277690467904824,1625
8.110858276459888,1626
5.638622781911005,1627
4.571667701367179,1628
4.242655667452805,1629
4.177552017505126,1630
4.106279620327241,1631
20.066249125318723,1632
13.583363631697317,1633
12.066813324767804,1634
12.641253433326613,1635
23.176537633157675,1636
5.622251204121729,1637
2.014761181466355,1638
21.402679811187006,1639
11.845555051250265,1640
6.086639219970479,1641
4.178303131272104,1642
3.0268277582045284,1643
2.7099620032261433,1644
2.5708972862802417,1645
2.484013316711577,1646
3.859670898367791,1647
3.790055973960417,1648
5.399102962071839,1649
5.001925933101643,1650
4.079544225618813,1651
11.345348335433469,1652
28.659878893289406,1653
15.64491102620584,1654
9.022741947435415,1655
6.993703550516475,1656
5.888606923135709,1657
5.731778176394557,1658
5.753643025473799,1659
5.598703667494734,1660
28.641739235778786,1661
16.927330618858978,1662
9.59440530865034,1663
7.318357259038809,1664
5.834893616907923,1665
5.441217953916051,1666
5.229030281017569,1667
5.134091454471476,1668
39.5529124325522,1669
15.501782627956617,1670
55.99586508775128,1671
23.212368194082817,1672
15.841966867070981,1673
7.975218275933433,1674
5.269576296238509,1675
3.9915240661284828,1676
3.774712167761898,1677
3.68875823791984,1678
3.4631280838514686,1679
4.185343058208974,1680
4.8313457879362165,1681
21.638838505904335,1682
12.048426043784882,1683
6.306865451511284,1684
4.391465382865085,1685
3.1770649575742516,1686
2.8625293488599253,1687
2.728203469559241,1688
2.649939264630967,1689
7.311622149567622,1690
11.171051199685635,1691
6.781257091959305,1692
6.492580787113165,1693
6.089026234558965,1694
22.189175571675474,1695
11.910656315200841,1696
6.186820465442673,1697
4.519240472964258,1698
3.2580233498484907,1699
2.886175272940414,1700
2.740645723474439,1701
2.6961162590800996,1702
22.189175571675474,1703
11.910656315200841,1704
6.186820465442673,1705
4.519240472964258,1706
3.2580233498484907,1707
2.886175272940414,1708
2.740645723474439,1709
2.6961162590800996,1710
19.845032617615445,1711
13.413611528759843,1712
11.947883185139705,1713
7.910963905423254,1714
15.569038139787052,1715
14.710580686039343,1716
11.348637072697,1717
11.281440206603609,1718
45.86136073837864,1719
43.78311340952886,1720
5.8649957264903785,1721
26.67903017880976,1722
15.277852722704012,1723
8.305877951139134,1724
6.052079928605989,1725
4.604214648992326,1726
4.368804854022237,1727
4.110955707904905,1728
3.9742703847575425,1729
7.011785324704666,1730
5.323394940598206,1731
7.234088296305317,1732
1.9479427719178173,1733
26.619276613832245,1734
15.080986569223588,1735
8.659388389118435,1736
6.293788376590625,1737
4.952572307353429,1738
4.61111730641883,1739
4.431713795417054,1740
4.403527638625525,1741
27.55707999233692,1742
15.983418010630142,1743
9.115994041329431,1744
6.259653403149648,1745
4.760179455108225,1746
4.431654717646936,1747
4.2263744967941115,1748
4.1382511513377525,1749
27.554492296726654,1750
15.84389964806142,1751
9.038026298808683,1752
6.271460642623159,1753
4.755226780127644,1754
4.36558199183106,1755
4.18151407260692,1756
4.065922362474848,1757
12.492950352064115,1758
8.671659881628987,1759
8.351603616419908,1760
6.741199922708629,1761
3.1313966547881202,1762
9.867191382457982,1763
8.632650783002717,1764
5.160306958584034,1765
5.258906545112507,1766
7.997225256880222,1767
6.519995033026808,1768
6.8401796810830415,1769
4.480026843900497,1770
8.430112078081873,1771
7.1782132987272345,1772
5.898574702763114,1773
5.072033457073577,1774
10.327906381437218,1775
28.854333999271873,1776
28.310248311254803,1777
16.62165948244001,1778
9.54646879085481,1779
7.203393865804321,1780
5.7714081072583525,1781
5.2873479533882515,1782
4.867026412725832,1783
4.780847970873599,1784
28.004000605499908,1785
19.438132519295376,1786
12.454281264795618,1787
9.065788800800782,1788
7.9349604160071845,1789
7.922959266305383,1790
7.802208311405746,1791
7.122761540290782,1792
29.878252673774874,1793
19.412237363409567,1794
12.51792394728794,1795
9.136278426140722,1796
9.449948882356207,1797
9.158932192536733,1798
8.818962873687138,1799
7.928465446102879,1800
8.439566787080743,1801
6.304142739881379,1802
5.810542497995002,1803
3.615148390308377,1804
3.3691386183025003,1805
3.1242268625779124,1806
2.6730572457193857,1807
5.886197466829681,1808
8.230351692984913,1809
20.057565419224638,1810
33.923240389795836,1811
30.22558150882105,1812
13.884048952042779,1813
13.3814319834203,1814
28.304096350490845,1815
15.670538574098678,1816
9.052295054947207,1817
6.580295451863458,1818
5.035917631496906,1819
4.623582720739068,1820
4.366018944926782,1821
4.328673465155241,1822
28.676990757044557,1823
16.599093331679047,1824
9.380845497928275,1825
6.8929770012930724,1826
5.606374473205561,1827
5.161729179732397,1828
4.989100021392184,1829
4.662892308321987,1830
26.70037090552806,1831
15.893289170240154,1832
8.644928516590037,1833
5.826765981623929,1834
4.788516955425688,1835
4.522875791717286,1836
4.223804635480574,1837
4.3984173903807315,1838
6.5763322565088735,1839
6.591131352841178,1840
21.807365409781443,1841
11.982686025276438,1842
6.264737542545689,1843
4.267288121570011,1844
3.1692508844849514,1845
2.8272289488139797,1846
2.6689611532700543,1847
2.5903996919638987,1848
20.271108251332898,1849
16.12818179722657,1850
18.90414988908401,1851
7.338007119114435,1852
6.676299911515957,1853
6.409793884524306,1854
3.8876175638602097,1855
3.404977386247947,1856
3.2564063812833584,1857
3.2525537291129765,1858
27.336450610079073,1859
15.856989171408266,1860
8.81910402900899,1861
6.305245747033514,1862
4.843901235454799,1863
4.650475251613912,1864
4.453830032621065,1865
4.377218744800896,1866
3.3103846950472637,1867
2.5556071369485553,1868
30.209349564165773,1869
7.290502164266265,1870
2.132047926088703,1871
27.368823684797423,1872
15.473708030077313,1873
8.892818547719449,1874
6.652316395013751,1875
4.993725098193378,1876
4.6459739458058245,1877
4.454655053679921,1878
4.182824748189936,1879
7.844291979711796,1880
4.454721314944023,1881
2.502117893351302,1882
1.1410633631243439,1883
25.951346890800064,1884
15.79123778484618,1885
9.571494727240546,1886
7.246912388222258,1887
5.621700410986861,1888
5.245835007737107,1889
5.346995453674432,1890
5.146069603204921,1891
21.712100895211762,1892
12.228994036863172,1893
6.588528637749457,1894
4.531203077335094,1895
3.351610749294163,1896
2.976723671658356,1897
2.8482581681288712,1898
2.775802112383601,1899
13.679554962301081,1900
9.602311115001633,1901
9.559195102843024,1902
8.733766809975654,1903
32.08438143267999,1904
17.970212882045587,1905
11.528787755863002,1906
8.911524301065215,1907
7.3945601091873945,1908
6.586251457407129,1909
6.3905224156062115,1910
6.303306206275434,1911
22.03732700093355,1912
12.78247681751354,1913
6.808010585029286,1914
4.782260485226766,1915
3.6283326341213678,1916
3.3917432874104883,1917
3.230247105389652,1918
3.1524181196959815,1919
22.219771250095498,1920
11.93816530561856,1921
6.152145469961744,1922
4.353826517694748,1923
3.1763054113798947,1924
2.7712410970634584,1925
2.6241505370418876,1926
2.547611587085912,1927
29.963651053970874,1928
18.50184388171778,1929
10.975984381205455,1930
8.590698298162415,1931
7.161474268173479,1932
6.7798506613709435,1933
6.573168210199026,1934
6.451727021251696,1935
18.947446534144028,1936
10.94322401606687,1937
6.364833724253155,1938
4.729837713397937,1939
3.924340647393599,1940
3.6766564863178997,1941
3.639899937632256,1942
3.6180946671439083,1943
18.947446534144028,1944
10.94322401606687,1945
6.364833724253155,1946
4.729837713397937,1947
3.924340647393599,1948
3.6766564863178997,1949
3.639899937632256,1950
3.6180946671439083,1951
131.21880413480696,1952
66.83097747826581,1953
25.322989786300013,1954
24.743011620698717,1955
20.934435280720187,1956
25.432613876379914,1957
18.556236381608944,1958
10.381885986985193,1959
7.918336212247674,1960
5.7178516382308,1961
5.274146021747527,1962
5.319926641868115,1963
5.259384076055492,1964
25.326164121769,1965
15.797267960608917,1966
10.82035315007657,1967
7.26129968056125,1968
7.599124047265622,1969
6.308632865274653,1970
5.811986846124234,1971
5.513666235163537,1972
16.883783200995765,1973
11.077310893630806,1974
25.122047307219635,1975
15.428070217167114,1976
8.93864547633996,1977
6.611556311243747,1978
5.3538767305372845,1979
4.980034142391958,1980
4.788279200975633,1981
4.751937166620897,1982
2.3908739411913604,1983
5.987766784567194,1984
11.710397014070221,1985
10.367132606674975,1986
4.747060067387639,1987
4.432121943062311,1988
6.725666557590732,1989
6.558349754679633,1990
4.977441280721962,1991
21.31990274297262,1992
2.0301452674154508,1993
17.251962660963446,1994
8.403634481104405,1995
6.0564500187768875,1996
5.597402016924441,1997
5.070570959398763,1998
34.46262868000884,1999
11.850373305570367,2000
5.111675312273812,2001
8.649472226236576,2002
25.732670775945664,2003
15.215721075166401,2004
9.144145561277059,2005
7.063092616569455,2006
6.115463037418676,2007
5.753029285418412,2008
5.538180835486093,2009
5.426740835193851,2010
2.4825351127184447,2011
3.230978171040512,2012
10.516035093295885,2013
2.3879744719511304,2014
20.08602353410813,2015
6.890660881918147,2016
22.23786232500983,2017
12.547654497945684,2018
6.93020097885439,2019
4.9540050271086224,2020
3.926130837955235,2021
3.702936367295103,2022
3.7110255397920904,2023
3.776989114015133,2024
27.966646453859077,2025
15.719489064537754,2026
8.837632417159476,2027
6.404315853324591,2028
5.048673060313251,2029
4.6666092250193545,2030
4.251508125160579,2031
4.231232802215763,2032
21.90970600874841,2033
12.726863626887727,2034
6.725683281235122,2035
4.559567094233677,2036
3.4618974451244173,2037
3.3835280558197667,2038
3.2860254493343213,2039
3.1962789823300986,2040
6.376547730223385,2041
23.42800563387112,2042
7.734887652915762,2043
3.43457484301937,2044
10.83666264485837,2045
28.160772977531963,2046
16.951727425603003,2047
9.704197481655159,2048
7.494119522542289,2049
5.983835156612235,2050
5.576018610401996,2051
5.554217189347488,2052
5.416680056248101,2053
10.64768055118374,2054
2.265600901777862,2055
2.1053164184336315,2056
2.119753627209568,2057
2.0714180895719805,2058
2.940827195097191,2059
22.181549544197217,2060
12.505396519273829,2061
6.831444875580335,2062
4.839844904403327,2063
3.718864106615492,2064
3.4112253194024484,2065
3.2499663151799894,2066
3.1765513514339254,2067
21.735174108040415,2068
12.155596483448061,2069
6.432257261435677,2070
4.520516353345177,2071
3.370798789606827,2072
3.0567851890120443,2073
2.9152582847173805,2074
2.8286963305005175,2075
4.283144097145805,2076
62.66152382873252,2077
21.623108370837105,2078
12.18533579993321,2079
6.325970402031718,2080
4.4087371344375565,2081
3.241085351390648,2082
2.938483786814936,2083
2.804855341865433,2084
2.7082982499191126,2085
20.77220250085164,2086
11.374758133620546,2087
5.555885206611748,2088
3.658033105546024,2089
2.538871024858924,2090
2.2099690099581393,2091
2.040679212513557,2092
1.9592601587665508,2093
11.426723913449575,2094
25.324772073594158,2095
15.404489328825035,2096
10.051971800172359,2097
7.744342744907093,2098
7.140667313805008,2099
6.779594666330805,2100
6.647676501180825,2101
6.7050193083406215,2102
4.065663370982063,2103
10.451373133281578,2104
6.684066711788421,2105
6.128168157886078,2106
5.090141837501194,2107
21.924879522389467,2108
12.332405038543996,2109
6.673839206954961,2110
4.813988095462049,2111
3.5954181670309473,2112
3.280937206045751,2113
3.1060149618538007,2114
3.0239528191287817,2115
21.78550176073665,2116
12.426337139924497,2117
6.752841821282165,2118
4.841226739176836,2119
3.806030043959941,2120
3.4410076710437556,2121
3.3005392770315427,2122
3.173079392302905,2123
7.841978798730164,2124
5.733732781804883,2125
5.229952345441645,2126
2.4015290326937424,2127
15.668797103738314,2128
10.40633651093463,2129
8.951108279601339,2130
5.417884909956594,2131
4.1556085109351155,2132
22.825519043363535,2133
13.077945318425856,2134
7.351377644272275,2135
5.580169014674807,2136
4.413389285889516,2137
4.169444431847275,2138
3.968062027037875,2139
3.8736689895508594,2140
22.79013572363845,2141
12.854658421566889,2142
7.211666022126668,2143
5.300989413111474,2144
4.176327730367285,2145
3.839877643183628,2146
3.7346177225847623,2147
3.6099054901943783,2148
22.39376557737909,2149
13.537920784132922,2150
7.12293786814101,2151
5.355581980115728,2152
4.102674846437354,2153
3.754326123695736,2154
3.6265442617723824,2155
3.5768354785516916,2156
22.21920537950869,2157
12.607432993041726,2158
6.847825109967761,2159
4.9953865093168535,2160
3.837095107905276,2161
3.5278054155225567,2162
3.378210141790474,2163
3.2933873760628436,2164
22.871884595722435,2165
13.370999667169245,2166
7.369254207887437,2167
5.577649226755688,2168
4.616151297555739,2169
4.415734023484923,2170
4.146149889975494,2171
4.049807545491952,2172
27.466973264797527,2173
15.755378271564807,2174
8.6296734101237,2175
6.260077041820391,2176
4.841433386321171,2177
4.429075531898267,2178
4.239621292278723,2179
4.11369381169462,2180
24.919593367155954,2181
14.068472013611519,2182
8.089128160037728,2183
4.920157243236713,2184
3.239800553172169,2185
2.816949122126156,2186
2.6230712313831064,2187
2.5797277014003566,2188
42.77336965596325,2189
25.59841449435048,2190
16.858623504627182,2191
8.984608572831323,2192
6.309966682542621,2193
5.658797004744934,2194
4.838926068528192,2195
4.69227726999694,2196
4.568383209593953,2197
22.968643016383048,2198
12.870945056730973,2199
7.827587726149712,2200
5.265090953643055,2201
3.8222564777317904,2202
3.2546039229972092,2203
3.100501316223343,2204
3.1123560526720975,2205
23.81978725122703,2206
13.617452897827004,2207
7.917544630300519,2208
5.1400178323073575,2209
3.8867910981709266,2210
3.2282129807580042,2211
3.0370530062940375,2212
3.0888016486538517,2213
8.864128043531196,2214
22.037083596700047,2215
13.467122487511807,2216
7.387486764767786,2217
4.676141065456549,2218
3.6962734214083506,2219
3.3484384675951193,2220
3.3137153146365135,2221
3.1595240920196797,2222
21.75325362111633,2223
12.029200012549737,2224
6.378268099139752,2225
4.448764601920087,2226
3.2800016090433353,2227
2.9695301529351465,2228
2.9150135561510124,2229
2.9524874466417876,2230
29.73974227166035,2231
6.172859549830111,2232
1.897792639600822,2233
23.44195893807744,2234
12.606932735051764,2235
6.831835166812617,2236
4.661784472703426,2237
3.36776352119658,2238
3.0348999314799925,2239
2.9106315142581756,2240
2.872568074523228,2241
8.330999853116872,2242
11.32998563001913,2243
101.24424642113746,2244
13.637174882115374,2245
14.907518811140958,2246
14.31519625833768,2247
9.651028741320992,2248
12.989180740556098,2249
13.002118465338313,2250
12.121386407190917,2251
8.534179482126152,2252
28.600003973217124,2253
16.19310513214483,2254
8.952027893785587,2255
6.556298180780904,2256
5.2346293484207145,2257
4.741658119804504,2258
4.599047211763139,2259
4.488250238979105,2260
28.78620616834048,2261
16.48140187042921,2262
10.927819656917274,2263
7.83707595300153,2264
7.738255269932395,2265
7.409009032725178,2266
7.280977156164511,2267
7.3418341694917055,2268
6.710967709494563,2269
4.191879341169972,2270
3.9627375607027093,2271
4.306751760489815,2272
21.732720718028443,2273
12.535792046702078,2274
6.438390728859381,2275
4.506305134611419,2276
3.3296650039296054,2277
3.001337060785366,2278
2.865569961537519,2279
2.7555405396750765,2280
8.575697294416615,2281
10.454596083692884,2282
70.65858390197533,2283
18.09287261190062,2284
18.472938899967165,2285
18.916896799939753,2286
5.88451054491144,2287
3.8025572788726607,2288
3.472372958115841,2289
3.3052541960593675,2290
47.473345052489194,2291
8.574846125602713,2292
22.401742960671903,2293
12.60294381417424,2294
6.861973035258537,2295
5.3020741763310815,2296
3.5053470538000298,2297
2.8512553967837095,2298
2.711203600761054,2299
2.7194934338979007,2300
15.913050062149038,2301
18.499173047959406,2302
16.14263767263559,2303
22.348753651061852,2304
12.662967702148148,2305
7.022466042018656,2306
5.1310710108726125,2307
3.980212936258072,2308
3.6513526652415336,2309
3.505824659053631,2310
3.439783198226576,2311
22.245165785664295,2312
12.619536016165652,2313
6.981313277377781,2314
5.126510523705141,2315
3.9891560746678145,2316
3.6679118283876466,2317
3.5135252670071053,2318
3.443901002386967,2319
21.494306857121387,2320
11.936941413551265,2321
6.22006856661202,2322
4.285896124584501,2323
3.140967274566701,2324
2.822860109446932,2325
2.684469835146143,2326
2.598130572761591,2327
21.557303726394494,2328
11.570987876126457,2329
6.059974725531434,2330
4.059467849274805,2331
2.9063413529201347,2332
2.5374933383410774,2333
2.4659015754114235,2334
2.461383388077862,2335
4.680303451088915,2336
4.848979678080893,2337
5.672430145590815,2338
8.072032035078227,2339
6.939914312632296,2340
5.933084295015025,2341
4.61130881205151,2342
22.950331125447274,2343
21.89766243101557,2344
12.172746236486358,2345
6.041809154564127,2346
4.95158609640088,2347
3.072694065295299,2348
2.859027202579249,2349
2.7073372098805653,2350
2.6192460406549043,2351
22.22716106816828,2352
12.673585382149128,2353
6.8377305946259215,2354
4.919469965298951,2355
3.808531507339356,2356
3.4788716559625237,2357
3.2877490360903625,2358
3.2644348684151616,2359
21.730888348228206,2360
12.111622329656454,2361
6.461363586627274,2362
4.516411911240918,2363
3.3712927323985658,2364
3.0397837142641886,2365
2.90532713290343,2366
2.8138151781997,2367
21.495846083034525,2368
11.918470717370687,2369
6.1699706196448565,2370
4.279557976891789,2371
3.1296342335646443,2372
2.813815476602591,2373
2.6551593580519817,2374
2.5708853391870927,2375
8.170719713721637,2376
40.08976336209522,2377
29.116005635206548,2378
16.67397404250296,2379
8.920036477320268,2380
6.824474344614492,2381
5.066837140873276,2382
4.880048737362038,2383
4.687880221709082,2384
4.619546569583956,2385
25.273347564988697,2386
15.0087918922252,2387
8.628886775825517,2388
7.028587945266259,2389
5.6825844137935135,2390
5.1191675282031905,2391
5.049074476666209,2392
5.184266231993867,2393
28.423411910281192,2394
16.662485664947425,2395
9.57661549791044,2396
7.278857626657618,2397
6.004638737771873,2398
5.507616557415523,2399
5.392012651817528,2400
5.179627870354901,2401
28.74639407778264,2402
16.82975237141191,2403
9.957904332497032,2404
7.665529813573168,2405
6.013304998325109,2406
5.742786000700859,2407
5.539005201912272,2408
5.364265195266071,2409
25.569370824678497,2410
14.097893525729903,2411
9.309020005630382,2412
5.613165290569442,2413
3.7876132601964665,2414
3.8557660032616976,2415
5.926982524464812,2416
4.7829066758339,2417
4.36770176367519,2418
4.317920913031614,2419
4.396500233047517,2420
53.86982433892978,2421
51.655975579142144,2422
50.537546086844195,2423
44.1039229474758,2424
29.997363166830922,2425
22.318723630445277,2426
11.579368465547503,2427
6.180522984404935,2428
4.829615129137975,2429
3.5779005576182743,2430
3.3047496348507157,2431
3.2025318908480056,2432
3.117620238359708,2433
28.243806169373283,2434
16.527773282639394,2435
9.50496687170403,2436
7.384804336431017,2437
5.780298977548484,2438
5.156480327956196,2439
5.142447592795381,2440
4.992133962922349,2441
2.518692815224301,2442
25.946159304805867,2443
18.643528806538143,2444
13.527586431675877,2445
9.031150263520368,2446
9.060606342653942,2447
8.759950775268969,2448
8.11200432873051,2449
8.773826450987233,2450
98.15665378158857,2451
10.243908907187876,2452
11.473242983858288,2453
7.77665750092112,2454
31.854136046862067,2455
1.921835643975897,2456
76.81398713845431,2457
43.324781416377746,2458
41.37335435740304,2459
28.70376708664051,2460
5.318017965386198,2461
9.645393528546395,2462
10.556150852193293,2463
7.149649207961874,2464
4.972852212724863,2465
4.1853808083365625,2466
3.7746562200304874,2467
5.373649134919432,2468
5.482247383003771,2469
5.132325865306372,2470
46.063243224234334,2471
22.368373897191947,2472
12.645315448259534,2473
6.996386418184838,2474
4.909230652829283,2475
3.8177205362870166,2476
3.5183916344698223,2477
3.3475172712763035,2478
3.253898828977482,2479
21.855567649767785,2480
12.338651926936995,2481
6.544818991127447,2482
4.697713667901845,2483
3.5454738395312724,2484
3.2085916573124034,2485
3.0963791747546625,2486
2.998153030010748,2487
22.225956005709936,2488
12.771934076413284,2489
6.970053073970567,2490
5.065401996621474,2491
3.8003793712655667,2492
3.490331796410718,2493
3.3666238256664704,2494
3.271597641270692,2495
21.42472524962562,2496
11.85073286936779,2497
6.141473836036732,2498
4.216564553509134,2499
3.0713771587128105,2500
2.7506684021914527,2501
2.594572380730783,2502
2.53519941630552,2503
72.25417286159681,2504
20.026970338639668,2505
16.879785470707937,2506
14.799142631458398,2507
13.636045773726392,2508
22.957279298919918,2509
13.041584323168518,2510
7.280329927124068,2511
5.329435857607207,2512
4.207077248031896,2513
3.8567102635679,2514
3.736767895962794,2515
3.639798232384355,2516
21.55479120107251,2517
11.986147335539217,2518
6.251092105792188,2519
4.338080130191933,2520
3.191610530030527,2521
2.8714584873248183,2522
2.7348814688671648,2523
2.6477895281132953,2524
21.959353118147217,2525
12.355362716719021,2526
6.422382282216817,2527
4.6793034886136695,2528
3.531601467331353,2529
3.221609959084161,2530
3.049689139252055,2531
3.003637093649974,2532
28.56893251618705,2533
17.200092711710603,2534
10.578388514865516,2535
7.4453267576709585,2536
5.891694972501887,2537
5.550283484615003,2538
5.282476310687312,2539
5.179284520538121,2540
27.86930224343298,2541
16.86211999654859,2542
9.850771662691693,2543
7.790817855194823,2544
7.190352330298005,2545
7.0905875633661735,2546
6.957556165551617,2547
6.918843311011409,2548
8.201580227839008,2549
20.244666899369154,2550
12.054700038328006,2551
5.510646085942797,2552
5.068764409653711,2553
2.6305054637799588,2554
2.335153971241039,2555
2.2189581661489046,2556
2.19062911547179,2557
13.338022279819647,2558
8.852070301924073,2559
7.628309617157511,2560
6.413462631556572,2561
6.246338527173133,2562
5.8025526185850635,2563
12.015951544786121,2564
8.417762769206675,2565
6.298546260876519,2566
6.246832311746397,2567
3.9859743935602867,2568
3.9669234799174666,2569
10.744232817954664,2570
7.347992656073491,2571
7.349159319745023,2572
6.944648450327406,2573
12.292443772757236,2574
7.283134396144855,2575
7.180183384927224,2576
6.433621467739668,2577
10.57234882190891,2578
7.393049994551615,2579
57.723008240446546,2580
19.516662218508028,2581
13.526038828253332,2582
12.312995870605913,2583
11.021888869864828,2584
5.750864346582823,2585
9.314180558079313,2586
7.3135569155225,2587
46.210409052344076,2588
29.72572219936067,2589
25.169368885790597,2590
21.141629425928016,2591
12.789795815681225,2592
28.66717027711396,2593
13.706749801274036,2594
8.099226068453346,2595
5.011046825786745,2596
3.988060615105498,2597
3.698350433331763,2598
3.4610568180464973,2599
3.3638986259203487,2600
21.757833614536572,2601
12.073677840391595,2602
6.390193119864014,2603
4.501606954444774,2604
3.33018081707588,2605
3.007847868129274,2606
2.8432129857952284,2607
2.751778274213659,2608
21.7252003642763,2609
12.166991361993478,2610
6.425273200033868,2611
4.549360969911931,2612
3.377041733288153,2613
3.046949603148071,2614
2.9093099779738347,2615
2.8212382355813594,2616
21.721369262390628,2617
12.186634889040205,2618
6.420756013110365,2619
4.552385493527619,2620
3.3761936872305305,2621
3.0461655120048996,2622
2.908534921761075,2623
2.8212639620850477,2624
22.812016863030845,2625
12.962035113032918,2626
6.8345744548209915,2627
4.811875367884292,2628
3.5414081274842886,2629
3.3883624433499038,2630
3.2321013031921018,2631
3.2693580919795324,2632
23.254762989673633,2633
13.21484521787945,2634
6.977906341983978,2635
4.892075155888191,2636
3.467250736930555,2637
3.4013723208632998,2638
3.3627655784170543,2639
3.386076148093666,2640
21.873384365257106,2641
14.44229498298964,2642
12.49502513923814,2643
11.639774220861568,2644
15.330702330659472,2645
5.841560096443066,2646
21.321990692938694,2647
11.70787558591624,2648
5.934534460693779,2649
4.153876462257759,2650
2.9909457155843637,2651
2.678375546058279,2652
2.548119205653878,2653
2.450655689728769,2654
11.195848757288935,2655
13.728343577346635,2656
13.807249271020146,2657
11.749903670336211,2658
9.898243689153071,2659
2.2696388593871046,2660
2.213971659224454,2661
27.26589256006451,2662
21.406347566488265,2663
10.379204465939756,2664
11.064572880703482,2665
7.480275261779549,2666
6.469530560778251,2667
6.300203639126226,2668
24.345127045479476,2669
13.69944151823476,2670
7.789794216108888,2671
5.320268149841397,2672
4.126324495412628,2673
3.9279795046447767,2674
3.701434242682652,2675
3.6852981816235837,2676
7.963473072069913,2677
27.899948623978307,2678
16.38361509655358,2679
9.272935332970546,2680
6.92254985318301,2681
5.449111637493162,2682
5.016345812136022,2683
4.836136909652074,2684
4.704065034678358,2685
40.9062815249395,2686
27.453672305808375,2687
15.690046651195722,2688
9.82822849679118,2689
5.976261584106516,2690
4.529253276108793,2691
4.216993765879554,2692
4.027481644819448,2693
3.907712116613256,2694
26.695987477551352,2695
15.99714370669109,2696
9.023522941955473,2697
6.672026123959126,2698
5.72775369528137,2699
5.4661440539668,2700
5.234292333071904,2701
5.192882890177097,2702
24.481037431704454,2703
7.851074317091807,2704
2.0631652545782413,2705
2.6415147689364322,2706
8.112219871957993,2707
4.145248002221748,2708
26.64301985650739,2709
15.49686464894714,2710
7.15795055576745,2711
4.7477316675190995,2712
3.833467321870454,2713
3.3273393345147237,2714
19.8312358037818,2715
11.08028018201963,2716
5.86057826509735,2717
4.392063760312781,2718
3.0640403751769947,2719
2.8185014153871,2720
2.8222110009931725,2721
2.730163309369307,2722
2.414463888554726,2723
12.271619795939241,2724
5.845567939304909,2725
5.785754961444324,2726
5.785841355497834,2727
7.297929708336467,2728
5.364591097741867,2729
1.6514146637874099,2730
3.987768061811916,2731
4.595347781210761,2732
6.1972438148323326,2733
5.511936297151978,2734
21.078179495112412,2735
11.598844790513507,2736
5.875554252164384,2737
3.9240833055903144,2738
2.761296640812091,2739
2.445140741270524,2740
2.317021856059281,2741
2.2525988427512194,2742
8.701832821824015,2743
7.307052245135497,2744
6.216490810109413,2745
5.0095774992631075,2746
8.464891233794592,2747
4.614729289328295,2748
2.597946264896526,2749
5.80438093473795,2750
11.037633680464204,2751
23.720926649403,2752
13.560293983705531,2753
7.562547658107311,2754
4.7071106952231485,2755
3.458072645857884,2756
3.149759288913363,2757
3.1193339663024773,2758
3.0515811136816042,2759
23.24067516213422,2760
12.648766123993811,2761
7.009038606616797,2762
4.739692582892431,2763
3.704224197507756,2764
3.360317266130994,2765
3.1188378343576875,2766
3.0286564381217804,2767
13.013744957344695,2768
7.681341529767193,2769
7.5718961492878005,2770
6.732694041214736,2771
21.793404593422643,2772
12.221777409191478,2773
6.381982173166253,2774
4.504967947860885,2775
3.325227832085677,2776
3.0443533256941695,2777
2.9230417681257257,2778
2.7992768652353437,2779
29.52546052669069,2780
24.733933594041627,2781
11.640804346244915,2782
11.057693960356707,2783
8.382941884916923,2784
8.280698192054915,2785
8.159973841519916,2786
7.383913930161919,2787
21.670909068424773,2788
12.124229644493989,2789
6.228510414153478,2790
4.320112909138135,2791
3.329151479361214,2792
2.980344749618561,2793
2.8769359497111964,2794
2.798772844909234,2795
30.143824136791817,2796
22.14513787208096,2797
12.535582084389285,2798
6.8929056469997825,2799
4.844785866648026,2800
3.6541360885536194,2801
3.329887830524492,2802
3.181376159267589,2803
3.0970911809947808,2804
23.041975617020977,2805
12.685959212662604,2806
7.019022196527925,2807
4.989005102139647,2808
3.938076722160494,2809
3.5990226718775773,2810
3.416273076138131,2811
3.3145165458192745,2812
22.43201237961028,2813
12.644425523817588,2814
6.8699197672181676,2815
5.064579026104986,2816
3.6203318442773536,2817
3.1627130426485097,2818
3.1093084789243735,2819
3.06223599162099,2820
18.738400999367915,2821
17.845383270056885,2822
23.71296535788305,2823
13.130856667118756,2824
8.210950235425617,2825
5.480241654734198,2826
4.043813588203453,2827
3.4436195908277933,2828
3.244695550173942,2829
3.503604980023205,2830
22.364850803318706,2831
12.791196484344791,2832
6.67664743110267,2833
4.376604092030951,2834
3.39098467172271,2835
2.907629700504779,2836
2.870621415702112,2837
2.7706704815786143,2838
21.789886802029873,2839
12.33324775768627,2840
6.520850071960198,2841
4.64727632837188,2842
3.465232756311997,2843
3.1481885072874767,2844
3.0106551573472804,2845
3.0704082123216216,2846
21.674473270523407,2847
12.049092848288977,2848
6.309306148084567,2849
4.473774380577943,2850
3.29613253509082,2851
2.9349568485152653,2852
2.798299952176384,2853
2.7159258592952664,2854
10.596695353844968,2855
9.159179963629287,2856
7.276988949423067,2857
6.478232371682552,2858
5.862962636733468,2859
6.729907127611078,2860
4.715782573645158,2861
3.010537944824857,2862
2.8858989135662987,2863
14.730595667700435,2864
11.137230803103357,2865
5.179528994497047,2866
4.977566032341512,2867
4.241904731142026,2868
3.9612394223359613,2869
2.674692308684022,2870
29.602575669976346,2871
7.018068009626897,2872
2.6368943139831065,2873
29.905046427912115,2874
6.234916398437099,2875
2.7888905649776614,2876
3.821732692196974,2877
22.21283581263997,2878
34.75294367607106,2879
6.556855622480198,2880
26.129408086567135,2881
19.97874720013105,2882
11.877336408643751,2883
7.444539532923111,2884
4.918226813490356,2885
4.923079399948861,2886
4.548387963004705,2887
4.761672553279051,2888
29.15673110573092,2889
18.299229685912515,2890
13.748737219835856,2891
10.109262861261849,2892
8.847319860115823,2893
7.893362892583642,2894
7.796730868939498,2895
7.697534673479931,2896
16.320489835259348,2897
10.743840976166119,2898
6.546272799413668,2899
5.283805657064976,2900
3.7583384940188034,2901
3.4159781344168443,2902
3.464408900819033,2903
3.2236920700240366,2904
24.816088177823477,2905
13.800196387312276,2906
7.411828653251116,2907
5.835951295466855,2908
4.32128206006548,2909
3.7788092101634616,2910
3.586512379939212,2911
3.598768213448067,2912
16.709963574825828,2913
10.657114530472729,2914
7.242210645416275,2915
5.746346292271216,2916
4.415539587209437,2917
3.81943999658191,2918
3.4877075362037764,2919
3.4994417489731866,2920
109.11048910600724,2921
51.23376908574783,2922
34.82077312294001,2923
91.54180229084595,2924
28.030334296684867,2925
18.03445776005582,2926
5.804199501152394,2927
5.178367838662905,2928
4.61153153412025,2929
4.484266385831811,2930
18.055668252910205,2931
9.113381377276884,2932
8.363933994489006,2933
6.452938550439936,2934
4.751083974404095,2935
163.13453977807757,2936
99.7672993236558,2937
76.12914893802525,2938
53.006500196539314,2939
12.686540860229155,2940
38.01051472897075,2941
14.04569656669731,2942
10.218505454839523,2943
28.836342017290377,2944
4.054537496479357,2945
6.814461746482866,2946
18.47024472735505,2947
11.98936493077584,2948
11.131135915390663,2949
8.911794498948025,2950
9.06322784306175,2951
25.099898338633942,2952
10.344187715344592,2953
40.285041547833785,2954
88.48929283412342,2955
8.399227665353528,2956
20.69076390790396,2957
697.0587968430801,2958
10.34011819182714,2959
8.244764927028484,2960
7.29834944350605,2961
25.20443268308688,2962
14.680170627313327,2963
8.944419369796684,2964
6.8431050008418515,2965
5.622678477416562,2966
5.330091519255055,2967
5.149106261404425,2968
5.088274838748683,2969
76.75372767218279,2970
129.936114441059,2971
20.946284050456505,2972
7.462988252055095,2973
8.55010124683292,2974
8.660809911825003,2975
7.769342880956135,2976
2.950363012444707,2977
3.897767050290498,2978
9.341583632407946,2979
12.008170091320522,2980
23.463835535414248,2981
14.482724869857647,2982
8.057362866314913,2983
4.746272921326764,2984
3.563319890529253,2985
3.187942078353739,2986
3.093456358412529,2987
3.0224725374884036,2988
26.45721102631615,2989
15.365423474255968,2990
8.425242590789567,2991
6.121375288798326,2992
4.678239655913277,2993
4.281531535502944,2994
4.084216474503669,2995
3.9663586875507506,2996
24.762205701397775,2997
14.857144016394312,2998
8.176456835768974,2999
5.891044424206479,3000
4.817861694102558,3001
4.816459896103854,3002
4.324726400443409,3003
4.278749869822493,3004
27.41350311418793,3005
16.293664319324574,3006
9.362764435427858,3007
7.414317248173328,3008
5.976343903241444,3009
5.83076358154624,3010
5.637982971904749,3011
5.493843759731073,3012
24.755490857936287,3013
14.341871312486669,3014
9.625468340795361,3015
5.956872745938156,3016
4.478895411337837,3017
4.233264725453926,3018
3.980975527207217,3019
24.75821140594802,3020
14.337165907625977,3021
9.753749073334545,3022
6.000319321964159,3023
4.518295675165611,3024
4.346585388534173,3025
4.101382533381616,3026
11.714718948636136,3027
111.94631638347032,3028
54.70883840296469,3029
47.464625484523694,3030
38.21259705648908,3031
34.10787548187692,3032
28.46704081010603,3033
8.785059124118835,3034
42.43344013232294,3035
41.40752164353698,3036
44.20366665794808,3037
25.410182769627966,3038
17.915965056485867,3039
10.867411471027088,3040
5.288604388183506,3041
3.7730902956857726,3042
2.3775443443114703,3043
2.2401685270819107,3044
2.1794061483021867,3045
21.231948236599834,3046
11.349456032094883,3047
6.180990676318666,3048
3.8084762820343254,3049
2.5959793837083898,3050
2.170424705296092,3051
1.9265675754488654,3052
1.9055203128082978,3053
18.934629620914386,3054
11.446490811823116,3055
29.159381262285066,3056
17.894596706164243,3057
9.426284522219394,3058
8.850741919513657,3059
7.980791115121211,3060
7.609439643058874,3061
6.849052467409271,3062
6.834955707423247,3063
9.486489510644857,3064
3.2998306369870423,3065
3.0508087756270217,3066
2.923704516482043,3067
2.914642478065277,3068
21.24488637006384,3069
11.709729390279367,3070
5.991649831665136,3071
4.067898277115443,3072
2.9183050632635976,3073
2.6293446505977798,3074
2.4941476162264133,3075
2.3942641564564653,3076
17.972982449257213,3077
21.044626277954578,3078
11.437101697189718,3079
6.489391098418692,3080
3.819266931468632,3081
2.436445289678229,3082
2.1532959004195718,3083
1.9408706447884152,3084
1.8959172250673295,3085
22.292138055549373,3086
12.456314192079157,3087
6.978018451899306,3088
5.556087109463257,3089
3.4825342647816333,3090
3.1184612710711934,3091
2.7622814963302886,3092
2.7370676597450543,3093
13.557694582628034,3094
27.6259617869327,3095
17.055856526471814,3096
8.878376293738109,3097
6.175016338057109,3098
5.024811676009429,3099
4.794882013558777,3100
5.095953806014643,3101
5.063195297265641,3102
7.939871808592015,3103
8.292413865422038,3104
24.680394261380346,3105
11.908464615997378,3106
6.171196265571453,3107
4.452623522339703,3108
2.9961804673583576,3109
2.527953195803712,3110
2.3365325674537294,3111
24.04788781798748,3112
23.04188093924245,3113
13.711682517890274,3114
6.886582350083115,3115
4.716122477285946,3116
3.548052195889077,3117
3.4627033125731286,3118
3.539744600155188,3119
3.358838301883051,3120
21.96070850249528,3121
12.482674305580186,3122
6.609153965522457,3123
4.674958061424381,3124
3.485852106596497,3125
3.205902969664982,3126
3.074145868965002,3127
2.963729830631619,3128
24.14233386058193,3129
14.340724832775479,3130
8.061068907251821,3131
5.205331626332322,3132
4.232782370511839,3133
4.191207840376082,3134
4.039289929508808,3135
3.8879330603841926,3136
21.71743265101211,3137
12.047449436070126,3138
6.302212190434617,3139
4.410606992603416,3140
3.2616954761429096,3141
2.947660398977649,3142
2.811210299680649,3143
2.71645235974314,3144
28.58208733074345,3145
17.377120306051648,3146
10.497920178085709,3147
8.061417974724302,3148
6.629917948502774,3149
6.268376224931957,3150
5.7224486632822735,3151
5.524300285279822,3152
23.88302005888459,3153
24.40060232474382,3154
13.504784976935735,3155
7.313137985217083,3156
5.112050257900311,3157
3.5971494449945736,3158
3.4036944538940914,3159
3.157767418500229,3160
3.2122497822939757,3161
2.2468608444579696,3162
6.459574901947011,3163
20.62404212340317,3164
10.871926816539133,3165
36.279157080804026,3166
22.83366819021869,3167
13.26505769005018,3168
7.5272881086487295,3169
5.576154689794726,3170
4.3260232554070335,3171
4.038441921973627,3172
3.8815052680459954,3173
3.8264304986091986,3174
22.369705631337638,3175
13.075945882953143,3176
7.218828107786421,3177
5.166398169322117,3178
4.070271442789155,3179
3.8122659749090677,3180
3.8594103129983064,3181
3.80358334742513,3182
23.09491806244007,3183
13.533232994601592,3184
7.795142479647851,3185
5.884148222356447,3186
4.7352007717621225,3187
4.351065591271826,3188
4.255070434378154,3189
4.192672655600514,3190
5.988754284116368,3191
8.110339103859788,3192
7.908353412118125,3193
2.89778586530676,3194
2.94764681440803,3195
3.0021505822579164,3196
22.443952240464174,3197
12.785075548357156,3198
7.109270228663898,3199
5.21744156551867,3200
3.9816924085541285,3201
3.6812042857687515,3202
3.517207717093318,3203
3.4945228698586734,3204
21.76164944192014,3205
12.198284635556005,3206
6.459642469379972,3207
4.54199739094355,3208
3.403244555604072,3209
3.085466126193604,3210
2.9429455633936237,3211
2.844240838072331,3212
26.84789632089594,3213
15.366690738613165,3214
11.674272141761302,3215
7.647126200935515,3216
5.647047748516494,3217
22.99589691958319,3218
11.628644628637952,3219
8.013540740893669,3220
21.76164944192014,3221
12.198284635556005,3222
6.459642469379972,3223
4.54199739094355,3224
3.403244555604072,3225
3.085466126193604,3226
2.9429455633936237,3227
2.844240838072331,3228
6.139375600454272,3229
14.641834724731714,3230
6.208924106664559,3231
93.74903069753806,3232
5.5237204765037555,3233
3.8185604966581144,3234
3.943628607352677,3235
3.978434768250094,3236
23.724303553938675,3237
14.15626686063109,3238
8.442104168431444,3239
6.504110674008295,3240
5.362366991194195,3241
5.030418293707031,3242
4.907222800161756,3243
4.817533204491038,3244
23.724303553938675,3245
14.15626686063109,3246
8.442104168431444,3247
6.501221011294297,3248
5.3598118893705715,3249
5.03014366141342,3250
4.9040284569721395,3251
4.817486561240228,3252
24.404030927818663,3253
14.980884747586645,3254
9.24070319946493,3255
7.324300308288864,3256
6.133268539136747,3257
5.819416452347464,3258
5.663771629680209,3259
5.580983598457398,3260
5.435234515382465,3261
21.687671011542623,3262
12.068651171229414,3263
6.260655553916639,3264
4.523478177187352,3265
3.3038777026455555,3266
2.9878973977858894,3267
2.8804259337118623,3268
2.7604978851269304,3269
29.094315577979415,3270
18.077347518151782,3271
13.083706929798762,3272
10.34481746757945,3273
9.077103291815947,3274
7.451878866992751,3275
7.263641969609454,3276
7.046173678975534,3277
8.558656983315787,3278
12.00601606069439,3279
10.479499838457631,3280
9.068090305192401,3281
8.960451936797675,3282
28.651786791539912,3283
17.346136275168668,3284
12.161552100647434,3285
8.199594728916297,3286
6.749243811877237,3287
6.131593543857972,3288
5.963313164546088,3289
5.661881246005746,3290
3.89537624272131,3291
70.72169308309482,3292
76.66298711551556,3293
82.25174527399815,3294
95.23568059082314,3295
37.94317397024692,3296
25.72396355738282,3297
27.92849104920545,3298
21.63617004352748,3299
11.18389312298066,3300
18.609152930957404,3301
9.327848191142841,3302
6.329253939740393,3303
272.3679056980065,3304
207.62872806245753,3305
213.32128106442954,3306
175.96306590559658,3307
130.01361919185757,3308
5.3418633890250655,3309
21.30502642962266,3310
12.519792745977284,3311
6.322884347302616,3312
4.6180803042664955,3313
2.6904566376620496,3314
2.349944315456438,3315
2.31711803099835,3316
2.283626000611168,3317
18.87477771907541,3318
10.129738327905109,3319
7.711032348180638,3320
7.232087984987085,3321
4.769127681686052,3322
3.5282977982671,3323
21.626200499768967,3324
7.383416975707161,3325
7.054351369517804,3326
4.337689029859419,3327
2.618182420623846,3328
13.906219990624713,3329
11.476578040491768,3330
10.95049703076936,3331
11.371679355542698,3332
85.16879025031811,3333
12.238379581172001,3334
12.818590250410464,3335
12.118622317154156,3336
24.13262633925083,3337
14.383423353769787,3338
8.550055084274097,3339
6.43269134714121,3340
5.478442927913911,3341
4.777562170018267,3342
4.838930369558216,3343
4.525737189858541,3344
26.307901901080022,3345
6.346836925679176,3346
2.5090230307554178,3347
5.132649660873663,3348
10.62846906276911,3349
7.925423195476675,3350
6.8702156752714405,3351
5.842112514747206,3352
5.721483699533196,3353
7.354513964798022,3354
8.054580453087965,3355
26.35191351112626,3356
13.584340616408099,3357
7.903389428731601,3358
5.324288508886142,3359
4.415812294222972,3360
4.1754058274966095,3361
4.179818728656992,3362
4.138911568649983,3363
30.598454492459997,3364
6.350708682524134,3365
2.1795434420800532,3366
45.22897781044775,3367
25.47187908287104,3368
25.12858112695682,3369
16.525166851600016,3370
13.836877370253335,3371
11.05829851599812,3372
8.311489756871559,3373
9.68950466167975,3374
17.756765047744405,3375
31.43633815034742,3376
25.91847902752025,3377
15.812931956731392,3378
9.605664369600506,3379
7.907214435769971,3380
6.641173478384065,3381
6.499905603086941,3382
6.347591347338491,3383
6.18444568798864,3384
28.771461007933965,3385
16.354836762129867,3386
10.01747798025666,3387
8.173241100550706,3388
6.667382906114721,3389
6.256566869334263,3390
6.108187831394564,3391
5.506333243381261,3392
30.511615325266934,3393
18.63636656290469,3394
11.523168626314508,3395
9.149210978859017,3396
7.7252215797007935,3397
7.319589722148322,3398
7.1334412769516,3399
7.0190072590583945,3400
28.729650906225917,3401
16.684299463480357,3402
9.808068677009482,3403
8.088211404418107,3404
6.6038718098012,3405
6.2268028382778535,3406
5.915359346622601,3407
5.386584966994408,3408
28.68510612594077,3409
16.84468941142783,3410
9.704375679039915,3411
7.917078165853481,3412
7.104201312813993,3413
6.30725572918831,3414
5.776178639066455,3415
5.815786517589462,3416
19.247291423052886,3417
10.984610632956576,3418
11.641466029848425,3419
10.860869974593799,3420
28.40706868104757,3421
18.273756059777213,3422
13.400172743597725,3423
9.05724559150086,3424
7.806606211330488,3425
7.1103693270592325,3426
7.473670269124113,3427
7.2017259831802205,3428
33.13135512006261,3429
23.725239815423446,3430
32.139188655852514,3431
16.894972048412292,3432
15.125960478956939,3433
21.6429568527612,3434
12.09034064343381,3435
6.431338786267855,3436
4.46592633044937,3437
3.2907610759339967,3438
2.9954216959043216,3439
2.8435481262542943,3440
2.757553155722981,3441
9.827262373941986,3442
7.467538280934276,3443
20.566538567488017,3444
11.023918966558027,3445
5.382788871831176,3446
3.706540615072209,3447
2.311127579660053,3448
2.0415209571125956,3449
1.8067867174323156,3450
1.6195977556921575,3451
26.87848855563744,3452
17.52380242786969,3453
9.655064691840344,3454
9.995805206666784,3455
10.58101147775122,3456
9.82716775939811,3457
9.741704392129819,3458
9.760478516392574,3459
26.670942119760838,3460
16.92672682984262,3461
9.89450190954139,3462
8.400237119571175,3463
9.184951794801492,3464
9.662232843276522,3465
9.630204916754344,3466
8.995800800175624,3467
7.485773643483117,3468
22.402926230383315,3469
12.791087533384797,3470
7.067524437523695,3471
5.164003491082206,3472
4.035364600107375,3473
3.689352149064731,3474
3.5416757243122943,3475
3.457910369713745,3476
22.22346107535234,3477
12.649644789507835,3478
6.903410061588783,3479
4.991535408465266,3480
3.842219662413689,3481
3.530660636144876,3482
3.382904250931469,3483
3.292764598969404,3484
22.93320977449545,3485
13.103949245114157,3486
7.360484834498287,3487
5.31220221892493,3488
4.212915692032807,3489
3.869213232640489,3490
3.676593157216548,3491
3.638425027367707,3492
21.64458876508733,3493
12.032551533575047,3494
6.298775977701936,3495
4.38557186084989,3496
3.1947290454239705,3497
2.9229338083588985,3498
2.7828154079389695,3499
2.7174114802837672,3500
22.076208214527025,3501
12.475376617702112,3502
6.74574193065105,3503
4.838669302579828,3504
3.6665005566558544,3505
3.37188213845827,3506
3.214892118512535,3507
3.169144786835186,3508
20.779333651609726,3509
11.197597483576132,3510
5.403442221828079,3511
3.4756767335566,3512
2.381365682671279,3513
2.045151383535201,3514
1.910799371857141,3515
1.8402418758893044,3516
21.646510772943714,3517
12.083859274517168,3518
6.4337945201768605,3519
4.416359414846335,3520
3.2762217513771485,3521
2.9524134940642552,3522
2.810348082906069,3523
2.720262489691872,3524
20.471040753585562,3525
11.184322185653274,3526
5.852708615941131,3527
4.021441324191255,3528
2.8398925544185714,3529
2.4632898781873194,3530
2.4069257313170986,3531
2.305670671406532,3532
19.12636602794246,3533
10.769453395402913,3534
6.861191808779204,3535
4.788070227477314,3536
3.52718537378359,3537
3.171778346525796,3538
2.990751786069928,3539
2.9392334313611252,3540
8.451116217650371,3541
13.829377958046448,3542
143.02440042579647,3543
127.86677514138785,3544
101.33144082284474,3545
96.80153901149446,3546
49.26846266079392,3547
25.71011310170959,3548
15.457330809685006,3549
9.280739303394293,3550
7.254433145515902,3551
6.019616074820706,3552
5.696478936633673,3553
5.527449493815741,3554
5.4316190711822445,3555
21.276934777981634,3556
11.413113757162392,3557
5.558483282862816,3558
3.7309614621300797,3559
2.5807578307264256,3560
2.2988593431731736,3561
2.1898723811091103,3562
2.1334524517630853,3563
12.807416731486244,3564
9.872780317624837,3565
9.514618953516838,3566
8.550163614442752,3567
21.71779744073174,3568
12.133517539656582,3569
6.366324277779587,3570
4.427477715062895,3571
3.2919878639381337,3572
3.0054508918267526,3573
2.857373453619797,3574
2.7726935828132953,3575
26.983315391081153,3576
15.111452360268837,3577
9.022199026514281,3578
5.777260645751234,3579
4.639839764528247,3580
4.2356562957420225,3581
4.177620074727219,3582
4.158376974350701,3583
12.588909645509082,3584
12.208278541997498,3585
7.919600255150838,3586
249.28452945242503,3587
105.36645581273356,3588
98.29146009223389,3589
99.66140312435626,3590
11.1968510728558,3591
26.57552268210253,3592
17.11811481048467,3593
10.498241870664156,3594
9.6607637044685,3595
7.4004891873759435,3596
6.830377169900263,3597
6.642730116785265,3598
6.698552103783981,3599
30.93665572704411,3600
17.619964038398727,3601
11.592693949476669,3602
9.947932146915324,3603
7.850662867328871,3604
7.628554107912167,3605
7.774219722264303,3606
7.637927485140112,3607
7.121936271026955,3608
6.498815267904635,3609
5.691217559930985,3610
5.104448300764034,3611
5.047570315550658,3612
3.788967617459909,3613
79.31896303665262,3614
9.774270722402571,3615
6.719661657888163,3616
6.357531858437406,3617
4.400395517275651,3618
194.94469155986388,3619
22.57282302843441,3620
7.878888781454582,3621
21.410648165454788,3622
13.124865542836126,3623
6.878200389660195,3624
6.78339253707165,3625
3.616531821341972,3626
3.476534486125927,3627
3.1560616634457492,3628
30.92799559815622,3629
7.3203075702394615,3630
3.565194300830095,3631
7.150621694797834,3632
22.95971332913215,3633
13.917199865940717,3634
8.188522714249283,3635
5.619815343610438,3636
4.55144352793885,3637
4.4434460839762595,3638
4.127122585396728,3639
4.06505416478219,3640
22.843898209403278,3641
14.097366160993799,3642
8.005900807695403,3643
5.652742738646192,3644
4.477128780380294,3645
4.370559609610858,3646
4.155353918522644,3647
4.039115117861798,3648
22.867714378953163,3649
13.298398659120737,3650
7.504525454804701,3651
5.660712421379488,3652
4.4796966891986125,3653
4.148955186846344,3654
4.04366385464578,3655
3.9542511594629945,3656
21.473095231514304,3657
11.94546110732882,3658
6.208309166138269,3659
4.296325963819308,3660
3.128751665771038,3661
2.82625897373781,3662
2.690894233050039,3663
2.6174078007423485,3664
26.126869510941706,3665
15.22432611873909,3666
8.731755290001367,3667
6.781240696424623,3668
5.355878100873063,3669
4.926338336854538,3670
4.700976974125707,3671
4.658476009264731,3672
3.5607435447337537,3673
4.382571905706879,3674
19.398729268995183,3675
13.951660730146857,3676
50.12392861831927,3677
23.94588532883631,3678
25.672006355674444,3679
17.26891700437316,3680
8.769381726208364,3681
21.466772188625175,3682
11.85719684229052,3683
6.1498854518929384,3684
4.2431475056817245,3685
3.0860470427452324,3686
2.7607046198497853,3687
2.6338576960633624,3688
2.5656392311374665,3689
20.726570997187572,3690
12.814809993816802,3691
5.67583909631698,3692
5.213361696140493,3693
3.4279230822735314,3694
3.1114538319506835,3695
3.007292606040056,3696
3.0991636269466936,3697
21.73491373989293,3698
10.924066730702442,3699
5.58928608606211,3700
5.129606866553544,3701
2.8884108995212596,3702
2.407962218837604,3703
2.3433696505696697,3704
2.165156678084059,3705
13.39084949533203,3706
29.122633174610613,3707
17.231968402983043,3708
10.163569866191336,3709
7.7864330912316975,3710
6.386663626899029,3711
5.9884787212621635,3712
5.7865904007934255,3713
5.684653281924128,3714
9.966973025045036,3715
27.20618186638237,3716
16.426223812997723,3717
10.249839641536045,3718
7.151003866968106,3719
7.4025126140145465,3720
6.90698185280381,3721
7.453951019357658,3722
6.912497723937264,3723
29.33838248438462,3724
17.784379050246336,3725
13.134270170991085,3726
11.668668036234429,3727
8.325067718972248,3728
7.873838187949647,3729
7.804988906143334,3730
8.10525467799899,3731
7.296315576506304,3732
6.127332667552673,3733
6.5631390360978665,3734
6.436910697476268,3735
12.948456790534415,3736
3.9743903564003498,3737
23.173197971600178,3738
13.994565711790104,3739
8.112831577366604,3740
6.0170493853044285,3741
5.237994442480708,3742
4.837721180831781,3743
4.49045522615579,3744
4.466080324503017,3745
14.276742609688625,3746
22.44986579838631,3747
13.015248349274179,3748
7.245611333800825,3749
5.3059756669708875,3750
4.15984800318636,3751
3.877916034663581,3752
3.7281587810368517,3753
3.632298842795849,3754
22.277225940611004,3755
12.740259865876524,3756
7.007822579548288,3757
5.138325991974014,3758
3.978830487821296,3759
3.6679128477317984,3760
3.5194263431373507,3761
3.4449706471973083,3762
15.330310097430058,3763
11.57828330337898,3764
11.197996939729663,3765
7.215295080424234,3766
20.98611286054953,3767
11.323025854007414,3768
5.667161791874734,3769
3.7822507088175814,3770
2.629974250273064,3771
2.2911433665351657,3772
2.1529135791733203,3773
2.0587385495686448,3774
2.85148610464435,3775
1.764245546482956,3776
24.32871644043411,3777
14.406069377037227,3778
8.277117585210647,3779
5.808699320042777,3780
4.3545222348663035,3781
3.9707815685040915,3782
3.623120319044179,3783
3.7106855945686648,3784
23.202319529116764,3785
11.044697954808269,3786
5.438190778705183,3787
3.8474079930717373,3788
2.175868860828536,3789
1.939009292931429,3790
2.0076125723943785,3791
2.0067968917513905,3792
35.23357564534917,3793
15.21833877128634,3794
9.473330886929048,3795
7.0686468716386335,3796
6.846145765571447,3797
12.405111548573393,3798
10.854556597455812,3799
10.20996619321394,3800
37.683122885573425,3801
21.092990466730402,3802
21.922786913716322,3803
16.110861902672013,3804
9.586449658948975,3805
6.795487656263258,3806
6.249357408314415,3807
33.72679547356125,3808
21.26296552647402,3809
18.712320771254088,3810
19.456681024130337,3811
14.518888931019564,3812
7.337168966551535,3813
7.122377591264296,3814
51.02866423017832,3815
22.36238513925128,3816
17.1617348321977,3817
10.489367467778592,3818
17.75858793255567,3819
11.660042756189503,3820
16.147751061435063,3821
10.1158333834992,3822
6.935388570592726,3823
51.017379143416036,3824
22.508349739001943,3825
14.774212432456489,3826
10.532915645480362,3827
8.379814548440196,3828
7.963033193758957,3829
4.906557685732412,3830
31.075143427593886,3831
24.10777237872875,3832
14.973995530494538,3833
15.263900743844093,3834
11.470284333722537,3835
11.109414090931951,3836
8.940758870654845,3837
8.419731084304898,3838
6.006005551396922,3839
7.251438944063941,3840
6.561555156613804,3841
6.332128981239145,3842
6.2559435328147375,3843
6.146459391964417,3844
10.92019765989911,3845
7.919783741002208,3846
7.64392467189488,3847
4.249514127556843,3848
8.777441934566802,3849
22.740388736970978,3850
12.892957621409519,3851
6.919948135342484,3852
4.767852022609835,3853
3.7942038898255084,3854
3.6579225393040056,3855
3.562688007709017,3856
3.503570677727344,3857
25.630605837998733,3858
14.416751430925068,3859
8.354841804679587,3860
5.990234504741148,3861
5.020538030866854,3862
4.433778690198788,3863
4.163357025866945,3864
4.008310584859559,3865
26.942418415553014,3866
15.379240402221297,3867
9.323763629148429,3868
6.467640993134828,3869
5.156327339295474,3870
4.769532938279389,3871
4.38957392896445,3872
4.307564294835985,3873
26.056475608249976,3874
14.703774890458178,3875
8.125187114060394,3876
5.771820958048605,3877
3.98005255229773,3878
3.5729497527162764,3879
3.40309202013968,3880
3.3697776597568128,3881
21.757471381236254,3882
11.794859849712005,3883
6.4713764081623975,3884
4.267622440100785,3885
3.1865438662887593,3886
2.81352684268973,3887
2.6850708306184683,3888
2.6466822184063252,3889
21.717216850191132,3890
11.982310700260435,3891
6.3568652871093265,3892
4.523426591539268,3893
3.305867807267634,3894
2.9855592200090495,3895
2.8749596996208826,3896
2.75979949922963,3897
22.14213814934545,3898
12.453243597697208,3899
6.689945520189554,3900
4.811097357786022,3901
3.6014309132879476,3902
3.3719235349482117,3903
3.2590427434632776,3904
3.1475846353345798,3905
24.747687095982265,3906
14.404909145648153,3907
8.35911684642075,3908
6.312917193001581,3909
5.309660457778399,3910
4.603907265516865,3911
4.487742939020352,3912
4.2108013717832415,3913
23.892462104413248,3914
14.306750271595545,3915
8.494938029159705,3916
6.431096641772483,3917
5.467795068808714,3918
4.741395927997423,3919
4.802379976386484,3920
4.499725372604383,3921
21.74398620097606,3922
12.02468801057608,3923
6.292678587102415,3924
4.462578855689646,3925
3.278440788091982,3926
2.9640296333123692,3927
2.806740715695203,3928
2.7063723129871624,3929
21.76896915853313,3930
12.035676019347052,3931
6.295668411414999,3932
4.426721512086633,3933
3.2658642542831293,3934
2.9663643852790913,3935
2.8099262308278123,3936
2.7125894355710214,3937
22.130467548199803,3938
12.124835369529347,3939
6.357117909996434,3940
4.439014261977093,3941
3.2948720023966858,3942
3.0094128812437955,3943
2.848416874225334,3944
2.755967745415834,3945
7.011504974148957,3946
7.881272612270208,3947
5.52515063160396,3948
3.9551809284653583,3949
3.6059849410957763,3950
3.3582220582151328,3951
5.7222394435170045,3952
6.04079585522614,3953
5.216538616070579,3954
3.8939225937158515,3955
3.5841349444194504,3956
3.4972919567077105,3957
21.716941889010947,3958
12.095037028231113,3959
6.363897664474392,3960
4.45954715197225,3961
3.3403031197283437,3962
3.0456707174884396,3963
2.8614511403298333,3964
2.8197816816221963,3965
14.704749501090367,3966
21.77288840750383,3967
12.501548895255594,3968
6.719991405604727,3969
4.637288221333561,3970
3.38893993456922,3971
3.011840867925255,3972
2.87001724459265,3973
2.773065711012828,3974
30.36037949455125,3975
6.896481878241957,3976
1.981006555386845,3977
13.237135689189946,3978
5.455675996825762,3979
2.263809763273485,3980
10.028084149915214,3981
9.570763094650028,3982
1.9856102156883664,3983
7.684370563503899,3984
21.471955425012016,3985
12.067236968424485,3986
6.221176587446722,3987
4.303397237756564,3988
3.1516753892776324,3989
2.869368289747781,3990
2.719667306693191,3991
2.6359274444079177,3992
38.04024172353813,3993
22.830350063799973,3994
38.108068427443406,3995
17.254338517173483,3996
13.686605355298035,3997
11.916043718303737,3998
11.595857848343204,3999
9.037593631438977,4000
3.0886105333279246,4001
4.737049400601737,4002
27.9583026911955,4003
16.171019171626373,4004
9.080113609519476,4005
6.724989167255906,4006
5.2891678577027,4007
4.889079672683514,4008
4.701266203493682,4009
4.57196861151878,4010
25.295039767964727,4011
16.354840146990682,4012
10.551021865778422,4013
8.440238902138697,4014
5.896937588253862,4015
5.867276239488519,4016
6.1932742310922375,4017
5.847265843309555,4018
26.57402240213996,4019
15.6896263959985,4020
8.50925450725301,4021
6.0088194693869195,4022
4.7835299494094174,4023
4.447647592621225,4024
4.299708129739733,4025
4.17250315979739,4026
8.583536134991235,4027
23.981479607107897,4028
12.878448763268487,4029
7.593197344460769,4030
5.028833882379757,4031
4.037734894043923,4032
3.543776500350334,4033
3.1814186651044056,4034
3.126113583898653,4035
27.136116438088465,4036
15.520378378497043,4037
8.846076577675642,4038
6.56334321963741,4039
5.146213587436364,4040
4.7143116112935495,4041
4.224109608178589,4042
4.027921753740764,4043
28.315860185064185,4044
16.55184787714838,4045
9.43790910847738,4046
7.059001421814375,4047
5.615112658120086,4048
5.226821767627379,4049
5.047018003736885,4050
4.933267011628844,4051
27.136116438088465,4052
15.520378378497043,4053
8.846076577675642,4054
6.56334321963741,4055
5.146213587436364,4056
4.7143116112935495,4057
4.224109608178589,4058
4.027921753740764,4059
68.55880288510323,4060
11.561738651419438,4061
31.740955760731918,4062
24.967057693456415,4063
6.824897691662881,4064
7.623937704086922,4065
22.52526936922737,4066
12.393864912357168,4067
6.596182176497366,4068
4.694937976260446,4069
3.6032907984819253,4070
3.2585226273889103,4071
2.9835052775734434,4072
2.882945258688987,4073
16.639211197717728,4074
15.785232356065332,4075
8.842173317358034,4076
7.984363341536007,4077
7.715966609364534,4078
21.65592399149142,4079
5.476910554597266,4080
3.1461135957537945,4081
2.740130695903805,4082
2.768491289893846,4083
7.736723807606589,4084
6.99076986840014,4085
4.585844642455691,4086
4.536199825036385,4087
4.213282119549991,4088
4.115106418548756,4089
4.306010139940032,4090
4.2634470795903,4091
3.8736690341378313,4092
3.6825152931276097,4093
3.4249882888179024,4094
22.19390581712431,4095
12.054045379038316,4096
6.314893316340744,4097
4.3443815693683545,4098
3.355308439242432,4099
3.025227089480995,4100
2.872898856033365,4101
2.791220722857477,4102
7.118203302663726,4103
24.868800041526423,4104
15.246043917394259,4105
7.873887341141437,4106
6.39715916467927,4107
4.762916731816511,4108
4.203831916576856,4109
3.6495342948935736,4110
3.6278493639896046,4111
22.687692539935778,4112
13.127253736110918,4113
7.3875778322940615,4114
5.475220994588042,4115
4.331614371856527,4116
4.011602720749652,4117
3.861346628520189,4118
3.79351008543694,4119
21.864371380900348,4120
12.579042704004475,4121
6.8638950861367,4122
4.550949468783321,4123
3.4006993899707987,4124
3.084594392631293,4125
2.940861802328835,4126
2.848839355797878,4127
8.34632746135104,4128
7.896473555941777,4129
21.332098175258732,4130
18.61891244289061,4131
18.015626995552086,4132
13.320786084127672,4133
2.540934898455968,4134
36.10217805819008,4135
2.5442220546981873,4136
2.6747770207640733,4137
18.533134126266233,4138
6.5412514025968465,4139
27.70010126602263,4140
15.819363365492356,4141
8.57353406420342,4142
6.398758737558154,4143
4.848342884311614,4144
4.4543110998446815,4145
4.332454489790562,4146
4.255411228849682,4147
27.874237974709136,4148
15.85908576509132,4149
8.821735167144757,4150
6.44330187590102,4151
4.9733042245068155,4152
4.564053407666459,4153
4.224500014040801,4154
4.1585411802172425,4155
28.17366842553445,4156
16.208216451503244,4157
8.784462650258988,4158
6.553527167190914,4159
5.273769575315591,4160
4.7721552186765015,4161
4.589676977726212,4162
4.453075631019657,4163
26.533998538194655,4164
17.24664593781582,4165
10.927097485540424,4166
8.74156754633955,4167
6.388836642156583,4168
6.248708454007581,4169
5.924418636823999,4170
5.939426096752637,4171
22.315378486300485,4172
13.284743944605225,4173
7.925813000019091,4174
5.858275753868431,4175
4.566230737306615,4176
4.197551900295398,4177
4.007286381240307,4178
3.8727069799390352,4179
21.678013761490988,4180
11.935379627965075,4181
6.232753783375609,4182
4.295720934231111,4183
3.2085812819908144,4184
2.817426795519136,4185
2.668484396611332,4186
2.5991395895760876,4187
7.064751693755849,4188
23.081954492541445,4189
13.183263068011358,4190
7.122786194304902,4191
5.210940864483405,4192
3.603676682311815,4193
3.8382681444380284,4194
3.8977108056778764,4195
3.6925931212370418,4196
26.230831303661574,4197
15.469251429655358,4198
10.169705241043735,4199
7.305001541469616,4200
5.9197699352510735,4201
5.419373746771992,4202
5.219686749600447,4203
5.1310048182643815,4204
9.792426854837668,4205
10.19550379099903,4206
13.297873713034855,4207
13.806351834495763,4208
6.001199820933753,4209
31.230486120331406,4210
17.33067333677514,4211
13.13399863732238,4212
10.956541530734757,4213
8.915920986047272,4214
39.95920194584967,4215
28.999014203972614,4216
17.871317499975607,4217
10.161834290658543,4218
9.249529268602393,4219
8.161893761849827,4220
6.961779234040909,4221
6.949777020045142,4222
6.856654128402425,4223
26.23886831560596,4224
15.81517072253345,4225
9.303499649949435,4226
7.089070977181348,4227
5.311487933924523,4228
5.187767914259078,4229
4.919476770868246,4230
4.6672033549703915,4231
29.79512152427051,4232
19.62241467829897,4233
12.617258698638986,4234
9.68637882956203,4235
9.64282747635448,4236
9.056875972667545,4237
9.807830398934094,4238
9.521954909836735,4239
13.38066706016859,4240
21.92842308765396,4241
11.942759309847828,4242
6.1832688909398845,4243
4.400880750068503,4244
3.2075580008495734,4245
2.8964966705112927,4246
2.729303077329744,4247
2.624586679583525,4248
21.911794835888394,4249
12.038988312551586,4250
6.398328865024494,4251
4.440376499667687,4252
3.268716262857236,4253
3.0070051831899667,4254
2.882106536612026,4255
2.8021827018218097,4256
62.27835700672069,4257
41.504790489030704,4258
35.784726409208204,4259
24.05920785037442,4260
4.602255632509391,4261
4.827162644750224,4262
88.2575495015688,4263
1.9878636668456058,4264
23.14162731834578,4265
22.48904289503063,4266
28.429895471039924,4267
16.593999871989883,4268
9.613672794175228,4269
7.189200288239464,4270
6.116891122446582,4271
5.736109930986568,4272
5.5224332661957245,4273
5.087918459539048,4274
28.060428615967155,4275
16.21117906790295,4276
9.072537573299135,4277
6.913368392604151,4278
5.913365385573562,4279
5.286454416602176,4280
5.112951717003113,4281
4.840265171787582,4282
10.337870755060312,4283
22.62288123778455,4284
13.703989416536569,4285
7.314617709740579,4286
4.826476212820575,4287
3.71532299386924,4288
3.4037189507893193,4289
3.383015254957072,4290
3.329963056217061,4291
8.786853214190435,4292
22.76583801587335,4293
13.292918281884171,4294
7.477153835524392,4295
5.563223061972278,4296
4.424217593392622,4297
4.11822351266416,4298
3.958771427268441,4299
3.8724501781827683,4300
21.65412628901879,4301
11.73790240763069,4302
6.034561401355071,4303
4.127591264057758,4304
2.958212263979174,4305
2.653344022575346,4306
2.487803749769957,4307
2.438290752434899,4308
27.912533018877845,4309
15.94505614861388,4310
7.9481010542692,4311
6.4135330848948175,4312
4.953059846018914,4313
4.581526794061844,4314
4.395883903439567,4315
4.261684675341171,4316
8.817203339173693,4317
9.971682483312476,4318
7.912856554975552,4319
5.933732200520233,4320
5.828012631679676,4321
8.018869052747396,4322
11.583286620556372,4323
5.567023450808331,4324
6.832292020983751,4325
8.067340153096918,4326
9.041996109277886,4327
9.344370763139814,4328
25.83498939150165,4329
13.507485449504616,4330
7.766794871070066,4331
5.027120658217538,4332
3.974824697888701,4333
3.6703917290971844,4334
3.3771251175469605,4335
3.5455306467279195,4336
20.83202115394942,4337
11.232087248136416,4338
5.431315784574019,4339
3.5340461621323827,4340
2.382211196818469,4341
2.084757232032321,4342
1.9381685763055745,4343
1.8297249877665074,4344
20.569549191196778,4345
11.020008395896062,4346
5.273259731308802,4347
3.379066084918891,4348
2.2317943223175742,4349
1.9133347184280594,4350
1.7744597037341479,4351
1.704528409487076,4352
29.1695372049951,4353
15.085725718737931,4354
8.402305892371622,4355
5.957505453310424,4356
4.7612077045943195,4357
3.9378412291286042,4358
3.858702772023043,4359
3.824906543493961,4360
3.7129616045869933,4361
29.258420197055205,4362
22.476095603975107,4363
12.672797342491577,4364
7.010346950795255,4365
4.708395601594246,4366
3.8956828958381955,4367
3.6267602055000605,4368
3.350884446785597,4369
3.097159793542554,4370
22.881774787800218,4371
12.661910146924718,4372
6.538966222227323,4373
4.493398790472624,4374
3.281460913138682,4375
2.9677544055562177,4376
2.8860554189215732,4377
2.8303184767887584,4378
22.694943218609573,4379
12.649329059681332,4380
7.024748764872067,4381
5.10627493823942,4382
4.011026479340229,4383
3.673646189139126,4384
3.5591269413650837,4385
3.497619040565505,4386
37.75395845004194,4387
7.349611220064809,4388
6.753867517726064,4389
6.2774115595666204,4390
4.87618872619557,4391
10.5450862390896,4392
8.035285135791643,4393
8.753689381861706,4394
6.4456143593047015,4395
5.973487363391727,4396
21.65544543316935,4397
12.084304440560096,4398
6.435756847256226,4399
4.416264659276127,4400
3.275805566966484,4401
2.953026130728582,4402
2.8101125529258755,4403
2.7200325281945372,4404
23.052822924221296,4405
13.34040402909206,4406
8.243955118600969,4407
5.493148415315321,4408
4.517545531777907,4409
4.097689191566962,4410
4.1635412135396725,4411
4.075973306081404,4412
5.305770478360102,4413
16.76201286203758,4414
28.233581248236064,4415
16.609074266769298,4416
9.620652530850432,4417
7.114972900651448,4418
5.739117220513647,4419
5.341638706563369,4420
5.149086522892178,4421
5.005599234368664,4422
25.331749224898477,4423
14.039864053814709,4424
8.09728819286302,4425
6.036660913202004,4426
4.748760484672005,4427
4.566280961748126,4428
4.384117101440576,4429
4.2334316927981845,4430
21.2955817646906,4431
11.971835269008718,4432
6.07780301396915,4433
4.139455034721782,4434
3.001151223654082,4435
2.6746928725211845,4436
2.540159157588304,4437
2.4539111696382165,4438
22.18130048179657,4439
12.250560334728634,4440
6.53858552334592,4441
4.584929201514028,4442
3.4244177804170386,4443
3.013322010381216,4444
2.860639571707358,4445
2.803685369599891,4446
21.949418705951512,4447
12.408775891881563,4448
6.695842003855349,4449
4.743113901279089,4450
3.5880632876617056,4451
3.274535007023656,4452
3.133739479381524,4453
3.0490534778322083,4454
22.2296219036868,4455
12.69456641008682,4456
6.913832518199611,4457
4.974551688154904,4458
3.8657281344292964,4459
3.54925040206096,4460
3.4451656062319,4461
3.3512618234632447,4462
22.284469193725887,4463
12.62151730637487,4464
6.897080665404245,4465
4.930532152773638,4466
3.7922423218118393,4467
3.488321836460858,4468
3.3501758570848574,4469
3.260814383696849,4470
21.96354714208059,4471
12.601575487563716,4472
6.812272522297949,4473
4.885780373885228,4474
3.7303600731332893,4475
3.4156211040044444,4476
3.2779224451278615,4477
3.1736887590192944,4478
22.434635178460315,4479
12.849222955091786,4480
7.09096512616645,4481
5.15820558332523,4482
3.9734415300200174,4483
3.6401159403276457,4484
3.4978049050708706,4485
3.4143784532358903,4486
17.809239981826796,4487
9.181425988068424,4488
7.0498399315105065,4489
6.655489049948951,4490
6.280166309495793,4491
28.745555589398048,4492
16.803362973926987,4493
9.552170993642042,4494
7.484018899166866,4495
6.295582640975481,4496
5.767961157008468,4497
5.654036324213772,4498
5.538218083469279,4499
26.7055027644176,4500
15.367958740628104,4501
8.988189301404045,4502
7.019818280794835,4503
5.991012606205488,4504
5.800166275156322,4505
5.728831076511779,4506
5.677986733907493,4507
28.929937205427592,4508
17.13900449962601,4509
9.850605402662575,4510
7.230725470960248,4511
6.233758160443149,4512
5.788153769041703,4513
5.624129895574369,4514
5.503794608794417,4515
25.65381542351233,4516
15.357331714606218,4517
9.325845102043374,4518
7.207175244152746,4519
5.994827437920897,4520
5.654037499202674,4521
5.502640079337275,4522
5.394870879211497,4523
28.824391919523844,4524
17.17187954830401,4525
9.850780041152655,4526
7.243104557169561,4527
6.26565986364438,4528
5.793564167438442,4529
5.624622845089114,4530
5.503960033218068,4531
25.876025519210785,4532
15.467240690164285,4533
8.910307060504453,4534
7.039727452454436,4535
6.069170559590182,4536
5.673813965432388,4537
5.583854056352618,4538
5.449578146661868,4539
28.751758770765903,4540
17.08609369704085,4541
9.819022357124041,4542
7.387213173028779,4543
6.273070618248233,4544
5.8110331134352835,4545
5.630983478766927,4546
5.503198645553231,4547
27.632752225436306,4548
18.384212545342184,4549
10.254126009068743,4550
7.035101578412674,4551
5.721251718891369,4552
5.343160397654043,4553
5.185282558431522,4554
5.040644043461667,4555
27.695572756332904,4556
18.22670300334636,4557
10.3425922885514,4558
6.937746950636169,4559
5.716690656312879,4560
5.256516366450279,4561
5.173683165273518,4562
5.008944344592474,4563
24.031132731317683,4564
15.598582502107877,4565
9.959133828353448,4566
5.534957497078922,4567
2.6672486245815428,4568
2.6461972504283087,4569
22.70188213247897,4570
13.442010853515791,4571
7.877817745082127,4572
4.528592284038151,4573
3.137659656164287,4574
2.91191828123725,4575
2.3495455304862807,4576
2.3629999673262247,4577
10.680921915291435,4578
15.629203459389657,4579
17.13161385872713,4580
15.88153428784008,4581
9.373879136271842,4582
51.48020235742444,4583
46.235882257926725,4584
23.308707977843152,4585
12.77090549132394,4586
6.735358478209285,4587
4.748217479910824,4588
3.5649991376598975,4589
3.456840492666892,4590
3.3667323250315393,4591
3.2387655323519593,4592
105.52319948436572,4593
11.36937313224246,4594
10.28948719856848,4595
6.887055872694302,4596
5.870498102160104,4597
4.465222474114861,4598
7.114531388949998,4599
6.382266044874966,4600
12.58985288892912,4601
14.674202785527672,4602
3.748065307591942,4603
3.932964919438529,4604
87.64065458287564,4605
37.13529060029735,4606
20.06078898358045,4607
18.311253287468027,4608
11.564174858422998,4609
21.45781617654659,4610
11.882890960844797,4611
6.1395146035470844,4612
4.271831516150628,4613
3.141697308835802,4614
2.8264902258178735,4615
2.7029992702397583,4616
2.615725329769377,4617
21.576372634390456,4618
11.87123242902725,4619
6.419889845067215,4620
4.405322500279441,4621
3.2330625549759913,4622
2.791513269034993,4623
2.6551579840180426,4624
2.562711646982103,4625
4.487578893831958,4626
4.3404052164740925,4627
29.861323909875285,4628
16.52863601200659,4629
9.275759959081974,4630
6.004905027951365,4631
4.578264024805096,4632
4.388966605569945,4633
4.205452739956398,4634
4.172304590033614,4635
31.36274681041637,4636
6.4944298768052695,4637
2.414662550479843,4638
5.728414376022855,4639
5.263967093719923,4640
22.59618455082979,4641
13.192316024303993,4642
7.218774953150171,4643
5.130832625426062,4644
4.141772783909546,4645
3.8943717752055798,4646
3.710084223664137,4647
3.6190472835402097,4648
21.757127436442264,4649
12.346580613765745,4650
6.6143847363696295,4651
4.707406240729135,4652
3.54449970947591,4653
3.2295937773064174,4654
3.0854750818878234,4655
3.00418399756076,4656
2.4060073000042785,4657
21.95056275171497,4658
12.388075269426224,4659
6.742071492690183,4660
4.77246303217171,4661
3.6570590256790254,4662
3.313139773425984,4663
3.180138844983399,4664
3.0973140329877302,4665
34.49206636331858,4666
34.28856508543735,4667
6.3861366776420505,4668
5.771761227816626,4669
5.36871238475109,4670
5.971053962988165,4671
6.897211440521746,4672
5.972757363013398,4673
6.111990557691708,4674
5.472275072741058,4675
21.672990599876012,4676
12.126790861939945,4677
6.3900525870395075,4678
4.471685919028404,4679
3.3237347112426607,4680
3.008496457161872,4681
2.888551508628552,4682
2.8138712568796334,4683
41.55475542262808,4684
13.590450241881777,4685
32.956611122327416,4686
23.373964721447283,4687
15.689908475336194,4688
29.2437248691104,4689
18.614289673918698,4690
11.682695228263317,4691
9.13246771398925,4692
7.775094243880925,4693
7.298685622341245,4694
7.688511648455946,4695
7.759631900575677,4696
14.14204534176523,4697
29.808899804153363,4698
17.47993442934559,4699
22.57760391376734,4700
12.994035739228238,4701
7.2334060512129685,4702
5.603693600829296,4703
4.103328645165638,4704
3.8353436365164035,4705
3.7419839713065817,4706
3.6479872204564248,4707
5.917297284906288,4708
81.56855597132052,4709
29.785876152443265,4710
18.287803278814113,4711
12.647378680714688,4712
10.055093816571615,4713
8.700217489031655,4714
7.810774804135443,4715
7.772215795723112,4716
8.198589943589106,4717
15.11606516041364,4718
33.504889516729406,4719
12.809884446031713,4720
8.682360382651687,4721
5.90872097614732,4722
26.708477680056994,4723
16.83289227819993,4724
8.657081095375723,4725
7.179897100935971,4726
4.882633766581783,4727
4.799785523285614,4728
4.853615120719705,4729
4.671086240290333,4730
14.892847214321879,4731
15.64502684109836,4732
21.34137863298724,4733
11.882448291727219,4734
6.15923032116846,4735
4.227917711970659,4736
3.0877214779220648,4737
2.7713908176997086,4738
2.6022490293061007,4739
2.521822634277141,4740
14.57414314254282,4741
22.448260349247114,4742
9.668786507056238,4743
9.276248407680514,4744
7.581131796640175,4745
6.982051260280951,4746
13.506769632188105,4747
9.84417535848929,4748
10.165389423448437,4749
9.521159420735323,4750
7.25315324089765,4751
15.42099042438565,4752
9.882354013453108,4753
9.251820017322748,4754
6.863695015376896,4755
9.634509110629125,4756
9.255911062765122,4757
6.533739710157508,4758
15.045872800754877,4759
11.41698778951416,4760
23.004199177675417,4761
14.098755659414017,4762
7.829595324980252,4763
4.707997329162702,4764
3.5597946965397864,4765
3.324588671605634,4766
3.1014478285088805,4767
3.0874689569263944,4768
13.589765116237041,4769
1.6782982804762825,4770
1.978592312496572,4771
1.9221601499082024,4772
13.81644377745258,4773
21.545579588117853,4774
12.609810461207118,4775
6.7349521724793755,4776
4.068696675753008,4777
3.0279822990670997,4778
2.8158711334916027,4779
2.603686058769634,4780
2.503282695088332,4781
25.119031547359405,4782
14.128260573270715,4783
8.8679693095859,4784
6.549233196470921,4785
5.389761339665046,4786
5.0432830985261266,4787
4.926663421609757,4788
4.724870968882471,4789
22.4141149303391,4790
13.607792539548305,4791
7.047699922819703,4792
4.723762847451965,4793
3.596968939780261,4794
3.4343672575466178,4795
3.2705663124368525,4796
3.1719635470369143,4797
17.06097492466585,4798
25.347610302966757,4799
15.552354220831615,4800
8.73854878712148,4801
6.936929505125348,4802
5.478715727892664,4803
5.509913433191901,4804
5.344199597082381,4805
5.267860471480186,4806
27.40521941452245,4807
15.811369353475241,4808
21.448301326655674,4809
12.157499585813513,4810
12.317564549487397,4811
14.73921122017022,4812
8.875560954781202,4813
8.300839515325245,4814
29.396027319617815,4815
11.749444471603692,4816
11.328038843180051,4817
6.982429376621095,4818
36.3564257127592,4819
8.409949431918513,4820
5.65245447434809,4821
5.965671157261564,4822
24.648707885001045,4823
14.458302230766606,4824
8.34358270715254,4825
6.303532637153956,4826
5.0832418324860305,4827
4.740664901286444,4828
4.587600026438278,4829
4.495925398403786,4830
66.65458134717252,4831
19.295086371205556,4832
15.704448429162582,4833
15.40783446470907,4834
16.601801410254453,4835
2.9857193804114672,4836
12.711561912991934,4837
6.46091559990222,4838
4.089062145606381,4839
4.558350843812332,4840
4.011053547189024,4841
22.920571433837505,4842
12.975889597405372,4843
6.925811549066223,4844
5.00804322391225,4845
3.9512802369500353,4846
3.3417525810457014,4847
3.118139399015159,4848
3.086804985933855,4849
24.05523306386586,4850
13.841043861460843,4851
7.705628749276957,4852
5.588593965093826,4853
4.45435355582344,4854
3.8508479195337157,4855
3.7723554369064365,4856
3.7362961344474264,4857
14.414420133703464,4858
31.32634215846718,4859
6.994107630942979,4860
2.890823819967146,4861
4.441829411266232,4862
10.503120939575865,4863
13.060808302131752,4864
28.551015489669183,4865
16.68074562740277,4866
9.622614822306028,4867
7.120404681570486,4868
5.866705763212646,4869
5.457344922488212,4870
5.249629701984752,4871
5.2003597074430665,4872
3.156150122471659,4873
22.186197722156482,4874
12.561262114469397,4875
6.7404361628382405,4876
4.700328273157779,4877
3.709005144857778,4878
3.3512874824512457,4879
3.114518554735336,4880
3.043677751677036,4881
22.691102123822272,4882
13.559618977521664,4883
7.380789696000702,4884
4.995662581146923,4885
4.084975347518942,4886
3.694101830142349,4887
3.6961787660676424,4888
3.492138306397604,4889
16.96933804432846,4890
19.084149050501637,4891
14.619134901751451,4892
14.373422385048336,4893
9.217195893254813,4894
51.16773166263751,4895
26.10944076447018,4896
22.287349706203084,4897
29.129986577626486,4898
17.697503592946394,4899
10.5979132962409,4900
8.072885900996626,4901
6.618886882932882,4902
6.154952807375052,4903
5.938557429455139,4904
5.810899693728937,4905
29.202250381787195,4906
17.56019418066897,4907
10.5121959084169,4908
8.098145673191507,4909
6.726405587762019,4910
6.20883825644429,4911
5.994498199947976,4912
5.809841669481015,4913
11.482167384225017,4914
21.43758205644403,4915
11.90127571760193,4916
6.265295036133604,4917
4.206909214868834,4918
3.0746747298293475,4919
2.7510415635067753,4920
2.5900647217385577,4921
2.508826716791462,4922
4.068976415854557,4923
6.543609471826306,4924
6.503222343373224,4925
115.80786506616107,4926
46.98961991688994,4927
41.8837441041898,4928
46.26101946299558,4929
9.758545723602484,4930
21.977952369563912,4931
12.540355814447754,4932
6.744546029062402,4933
4.821166048249212,4934
3.6485727347067756,4935
3.3416802643666728,4936
3.198101188536125,4937
3.1221877465119507,4938
24.4933064971084,4939
13.64719671449099,4940
7.4948132426836755,4941
5.297377381369763,4942
3.9079678289601696,4943
3.486095195221205,4944
3.1666883919031665,4945
3.111652841054328,4946
22.468659158132624,4947
13.211399800647985,4948
7.122872454778514,4949
5.217220822684344,4950
4.26257496325499,4951
3.95569226827088,4952
3.7837978677503035,4953
3.697436494002759,4954
21.373071640729915,4955
11.801809073100967,4956
6.074104384780841,4957
4.154953580343427,4958
3.014933639791195,4959
2.688739724826561,4960
2.5543369868027583,4961
2.467096618560412,4962
21.373071640729915,4963
11.801809073100967,4964
6.074104384780841,4965
4.154953580343427,4966
3.014933639791195,4967
2.688739724826561,4968
2.5543369868027583,4969
2.467096618560412,4970
7.706501925763748,4971
6.654121504381854,4972
31.01079255774974,4973
6.580032476833666,4974
2.105469364270332,4975
23.037634336362633,4976
12.518288010082246,4977
6.643522332026306,4978
4.971453980285525,4979
3.716500782688965,4980
2.9617404469930677,4981
3.0658603089541074,4982
3.0342134645847287,4983
18.86036158526102,4984
16.98960946501196,4985
10.729440296033866,4986
10.270417211986166,4987
26.67197261577828,4988
16.147722328181178,4989
8.545424528180865,4990
6.730094137414583,4991
5.3901715190650545,4992
4.899155737554575,4993
4.794146313166162,4994
4.6133514650649925,4995
21.4801065872015,4996
11.751535833467011,4997
6.20620231637549,4998
4.088314434257013,4999
3.0078790100091446,5000
2.83695441143694,5001
2.6350827279002584,5002
2.568963753061882,5003
25.12422810952681,5004
15.50313794119019,5005
9.316103230106712,5006
7.607759967208817,5007
6.178694780336057,5008
5.689108007481805,5009
5.664444686381802,5010
5.5040874243865,5011
25.51715937106479,5012
15.577163345878327,5013
9.177149955296096,5014
7.350492790310035,5015
6.204375613335975,5016
5.888030798773639,5017
5.662123897412869,5018
5.697672599194024,5019
29.230697225048953,5020
17.40417726935346,5021
10.16420269911081,5022
7.853173175712764,5023
6.294393562884398,5024
6.1039636962104575,5025
5.856682210919671,5026
5.690786568738672,5027
29.214074755297915,5028
17.44368104862573,5029
10.08983960852771,5030
7.8094434690868635,5031
6.178463373065582,5032
6.026957939794066,5033
5.84067866116985,5034
5.612856169882389,5035
58.82318358381428,5036
21.32353386271925,5037
6.192998561180609,5038
2.797705895487844,5039
21.15557111813183,5040
6.24124441548512,5041
2.5644265132509267,5042
24.22777524271392,5043
24.58099514439008,5044
15.882953852883087,5045
5.9235970085314245,5046
28.978143695030184,5047
14.224742541910667,5048
7.2903108822909655,5049
6.357515962558575,5050
3.0761156792275557,5051
2.7167566851548144,5052
2.409857294352429,5053
2.4427548761981064,5054
23.75060988110193,5055
14.067840185314529,5056
7.967929435322944,5057
6.362725171495225,5058
5.067631906164067,5059
4.784150210740058,5060
4.445853639716126,5061
4.109966845844225,5062
2.0203771394079983,5063
1.5859106628580995,5064
26.10752660815224,5065
5.989624303031603,5066
2.6389487386858836,5067
27.417724590773997,5068
7.025830484376315,5069
3.3025891095829336,5070
12.425704993607642,5071
21.266540184675,5072
11.709510863065388,5073
5.964945803453141,5074
4.065315729349519,5075
2.919396765690357,5076
2.6148972612859107,5077
2.480635245913588,5078
2.386312914594444,5079
22.014971001348552,5080
12.435972280082469,5081
6.493818414729889,5082
4.735796150260951,5083
3.6089695996118905,5084
3.3089732582819016,5085
3.1085501071727992,5086
3.039604376366852,5087
21.331479790869118,5088
11.820015263645994,5089
6.046251670384377,5090
4.166939568874808,5091
3.0149706478999327,5092
2.6694041979723635,5093
2.538012076173515,5094
2.456388163356547,5095
21.70958613242488,5096
12.309317250322614,5097
6.340536469594892,5098
4.437493675560168,5099
3.2950487029415556,5100
2.9463543678101507,5101
2.8195084631655623,5102
2.7399905907124786,5103
9.636476771770534,5104
11.585114466568463,5105
8.988687662945543,5106
27.582814261784673,5107
20.13787568417037,5108
13.11035706176575,5109
10.280884812528438,5110
9.438797181103693,5111
9.539580024526657,5112
9.318360636084318,5113
8.902055835006939,5114
14.582477442154147,5115
7.514788043174859,5116
5.409351317337812,5117
9.757813618073772,5118
7.776914440610757,5119
7.499413934341887,5120
4.471735005457196,5121
3.124098989840826,5122
17.503466834946433,5123
15.27643618411414,5124
10.504515402050563,5125
11.26118474734055,5126
27.760907693567074,5127
13.110819958307173,5128
12.668769196175855,5129
8.10228314066479,5130
21.53285459089292,5131
22.210676630805803,5132
4.609018203478179,5133
78.99879030248309,5134
77.61522850514726,5135
4.374200330368414,5136
22.121680235923655,5137
12.592421238741217,5138
6.928204532547604,5139
4.8558311706996165,5140
3.766242452211271,5141
3.4253672473736745,5142
3.2609307776169305,5143
3.1742562068973066,5144
24.635469323798652,5145
11.081601386938953,5146
9.61216589394283,5147
9.025978426071852,5148
11.237058315202157,5149
8.930360994255162,5150
7.93601606116312,5151
7.541078808408879,5152
23.163198209876658,5153
13.62239289766118,5154
7.846800472254721,5155
5.9675184088629285,5156
4.820985737208599,5157
4.504195481604293,5158
4.362253107920068,5159
4.278944883306362,5160
24.254818022424878,5161
13.949439833396566,5162
7.371027182728436,5163
4.454521203260403,5164
3.518935959906242,5165
3.1043303723956317,5166
2.9239978281299615,5167
2.8024754562638274,5168
25.67921049409372,5169
15.16822183734284,5170
8.175890717442766,5171
6.301074618649189,5172
4.682740573237762,5173
4.359286632893204,5174
4.22233645947894,5175
4.085200313390984,5176
3.4497778958758727,5177
28.092829029769742,5178
24.469291866199658,5179
14.064578105306943,5180
13.308524461264637,5181
10.097188835170803,5182
9.057084719382267,5183
9.10839277890992,5184
9.100737995103247,5185
19.325878934010316,5186
12.130264049733874,5187
13.940111932865964,5188
14.22532041055655,5189
16.790115406661908,5190
22.130137793842263,5191
12.582208239208722,5192
6.864209121183467,5193
4.905622309634,5194
3.7520280648048643,5195
3.452905274738959,5196
3.329199488717511,5197
3.229078818469586,5198
22.207950032969535,5199
12.657168522536471,5200
6.9134844379099984,5201
5.000719269986844,5202
3.8547787442613997,5203
3.5360923186819453,5204
3.397035384396292,5205
3.3105991424120758,5206
5.307970547732968,5207
5.374492644166769,5208
23.97639796331515,5209
14.333306367727262,5210
8.561383490850163,5211
6.6829838911614345,5212
5.457752954455603,5213
5.033743671621927,5214
4.956048835463652,5215
4.876291442797258,5216
23.990479278651083,5217
14.351852940181546,5218
8.564343100762922,5219
6.676318661168059,5220
5.454810379903518,5221
5.037594472008366,5222
4.9270178613216284,5223
4.860220449908579,5224
22.75484218668603,5225
13.029602600829818,5226
7.312600445704089,5227
5.454613360853654,5228
4.331143670435958,5229
3.973142306107388,5230
3.795533845956853,5231
3.7232458120184986,5232
22.77234031335708,5233
12.794838324348337,5234
7.296293074496008,5235
5.351074629976072,5236
4.264573605983499,5237
3.879232536747457,5238
3.7042784702587968,5239
3.628363982665404,5240
22.484782949249407,5241
12.822397710573668,5242
7.074287160597128,5243
5.514362517146118,5244
4.100515574863363,5245
3.6825065840959432,5246
3.605618636224247,5247
3.493073132019513,5248
23.40174486561349,5249
13.809364703561368,5250
8.229628858120945,5251
5.943495680035757,5252
4.887850137687022,5253
4.530033737363619,5254
4.533740742042834,5255
4.526326538900753,5256
23.2967933193593,5257
13.683120564705623,5258
8.208575632834819,5259
5.993745988956677,5260
4.948914888987911,5261
4.531828428462509,5262
4.529112589717919,5263
4.517884920322171,5264
23.291577113219894,5265
13.667860595641631,5266
8.136790737404686,5267
5.984030567968463,5268
4.937024973322756,5269
4.529641837539388,5270
4.52825687616799,5271
4.511536175379766,5272
30.07166078939253,5273
15.052943911056799,5274
22.065592749591705,5275
1.6851469998985396,5276
23.255849686156363,5277
1.6645360721156608,5278
4.7963705616752845,5279
5.0405619591360615,5280
5.0356526883077635,5281
4.957028448258556,5282
173.18132434322325,5283
9.513401935827824,5284
3.6820816106601635,5285
5.150362071165502,5286
10.20980167317618,5287
6.216078219556925,5288
28.509182991052523,5289
21.4850821612762,5290
11.887314954120539,5291
6.190910228794898,5292
4.249575090736735,5293
3.1320570298385046,5294
2.7869072383252727,5295
2.64731688123389,5296
2.560267868941559,5297
44.53031927158902,5298
22.029272348057212,5299
12.374628577820102,5300
11.220349252963619,5301
11.136890830474872,5302
269.04271805335964,5303
87.78107746677146,5304
124.31550126175402,5305
15.31672978500204,5306
13.514758434830258,5307
12.004873433101942,5308
9.240717823502893,5309
9.090718464149376,5310
21.049614168000097,5311
11.171626004618366,5312
5.78644253288632,5313
3.810266038179143,5314
2.616178816388959,5315
2.3017925410668876,5316
2.1192220349195456,5317
1.933001321023387,5318
68.52516676311744,5319
23.994978005803457,5320
14.076636362554067,5321
8.287465638786319,5322
6.537318283930752,5323
5.350848467018724,5324
4.372469409816781,5325
4.405921217391215,5326
4.473307448549893,5327
22.403610096095516,5328
12.894837232307198,5329
7.061457900617007,5330
5.168608165307409,5331
4.0992075773203185,5332
3.7876902848621037,5333
3.6071403082809095,5334
3.541377906729939,5335
22.403610096095516,5336
12.894837232307198,5337
7.061457900617007,5338
5.168608165307409,5339
4.0992075773203185,5340
3.7876902848621037,5341
3.6071403082809095,5342
3.541377906729939,5343
62.66079752265583,5344
21.57057855755886,5345
11.922769995768103,5346
6.195835245982669,5347
4.318143909230235,5348
3.196839517229105,5349
2.849330949453791,5350
2.7104638434780925,5351
2.630545060488142,5352
21.57057855755886,5353
11.922769995768103,5354
6.195835245982669,5355
4.318143909230235,5356
3.196839517229105,5357
2.849330949453791,5358
2.7104638434780925,5359
2.630545060488142,5360
12.45253512150168,5361
20.761055091929766,5362
11.176325429378952,5363
5.415325318600836,5364
3.4915838313331986,5365
2.3310587582084334,5366
2.0207528999150455,5367
1.90225278343269,5368
1.8260255089518687,5369
20.39823051729662,5370
11.010243508339624,5371
5.26508659380552,5372
3.3489850647557065,5373
2.198374937339763,5374
1.876899784105721,5375
1.7427500644317613,5376
1.6567949771937256,5377
21.37447164424048,5378
11.810426530341845,5379
6.070519266888454,5380
4.159205400409264,5381
3.0102633494763076,5382
2.692428398862738,5383
2.5540566126137545,5384
2.467893359508868,5385
20.39823051729662,5386
11.010243508339624,5387
5.26508659380552,5388
3.3489850647557065,5389
2.198374937339763,5390
1.876899784105721,5391
1.7427500644317613,5392
1.6567949771937256,5393
20.942147034947645,5394
11.338173322969022,5395
5.566166663911018,5396
3.619778424803388,5397
2.4852776554549916,5398
2.1742480024633175,5399
2.0284249938921226,5400
1.956318572788185,5401
28.24319257073496,5402
16.528498772396198,5403
8.828996450386574,5404
7.018482265388542,5405
5.414154564126279,5406
5.052192284838476,5407
5.337234108518391,5408
5.165066185932845,5409
22.5272157081456,5410
13.189628360862176,5411
7.191543004637814,5412
5.220598928759665,5413
4.058320259435164,5414
3.5826190236141873,5415
3.4684752614789263,5416
3.3355201352014916,5417
29.055388666259663,5418
16.74475685100479,5419
9.791952763114965,5420
7.35592412642944,5421
6.038197847201806,5422
5.962666461906463,5423
5.7044332016695085,5424
5.527432004315469,5425
4.738458102176267,5426
24.215663321654265,5427
15.412091698976102,5428
9.145204931050992,5429
6.832286036343328,5430
5.193666070455933,5431
4.973314812516374,5432
4.768011619776169,5433
4.655558064666526,5434
2.6367935153889683,5435
2.635055568653982,5436
2.480292937014874,5437
2.3850717355328257,5438
2.3683505224038583,5439
10.880287032652793,5440
5.986138313023626,5441
6.592687935751114,5442
4.088120332656361,5443
10.780415618582355,5444
8.052332596684998,5445
6.251702795029273,5446
4.549799031245931,5447
22.331017220906922,5448
12.743750158610354,5449
7.019703851116082,5450
5.126881873497072,5451
3.977507676098373,5452
3.669948623357054,5453
3.507438950841032,5454
3.413883342427237,5455
23.562147600203968,5456
13.430794987095524,5457
7.121840597470148,5458
5.050636852495279,5459
3.870989086380784,5460
3.4989455692533715,5461
3.497628340749527,5462
3.302221038071188,5463
6.106943199499084,5464
2.9319389207321835,5465
3.1157950753981805,5466
23.70451033844988,5467
13.80043404626669,5468
7.388760973319033,5469
5.007731567829513,5470
4.045955514125901,5471
3.573868589448208,5472
3.462747751811683,5473
3.35562848207188,5474
12.92979010680888,5475
7.458582297526067,5476
22.885128573346528,5477
12.296410855184522,5478
6.314939532342811,5479
4.914459888617531,5480
3.325474147331833,5481
3.1008561990000407,5482
3.1862627386781197,5483
3.0136837684721103,5484
16.28925378043386,5485
392.9756921783138,5486
96.96033210785984,5487
23.918803760874475,5488
5.659638050574849,5489
9.111568192832902,5490
8.688879921102075,5491
10.685154504472868,5492
28.357786407728963,5493
15.372119169676694,5494
10.96681631372882,5495
7.255246705591003,5496
5.762546228025615,5497
6.008727378006325,5498
6.542050193046951,5499
6.789506905428982,5500
6.699990865338417,5501
9.62002548692255,5502
21.836248227860512,5503
12.315249109181956,5504
7.008896531367308,5505
4.898846982263995,5506
3.7469845105847166,5507
3.419364889631322,5508
3.266964811922366,5509
3.178583351157299,5510
21.40080886329356,5511
11.845417373081702,5512
6.087122992110129,5513
4.183968587000581,5514
3.0324869407442896,5515
2.7282024492728647,5516
2.5785664586290484,5517
2.4985754948566834,5518
33.726249856435196,5519
2.9601563780562565,5520
28.720528499838313,5521
16.751995148043115,5522
9.801591861890378,5523
7.2498081599313995,5524
5.874637160042934,5525
5.397106264525025,5526
5.226903856552125,5527
5.178757357783502,5528
12.874209645360978,5529
10.682162080834612,5530
10.823285183823094,5531
8.624335257266276,5532
66.06716389337014,5533
38.826439306466256,5534
25.205461293302815,5535
19.438247396049988,5536
16.903781248867467,5537
65.72329075556009,5538
38.484281054117375,5539
24.863004571371565,5540
19.096056047492567,5541
16.562304722117617,5542
21.5181967557961,5543
12.174734088607106,5544
6.317083971246332,5545
4.335481640779882,5546
3.1732313509023435,5547
2.872725605942788,5548
2.720961966300254,5549
2.635622018786022,5550
21.88642976700248,5551
11.935131446746635,5552
6.107785069855167,5553
4.2164281365220955,5554
3.062037428563176,5555
2.748370418113373,5556
2.592949268238535,5557
2.5346181039100197,5558
21.674643536436758,5559
11.986779942164603,5560
6.236482280933756,5561
4.343438485954187,5562
3.2188131019555395,5563
2.8988683937879927,5564
2.7704613600067702,5565
2.7196874368481296,5566
21.852827790368504,5567
12.495438301511705,5568
6.664511848031341,5569
4.656643200802729,5570
3.4598784015459376,5571
3.2635983512691396,5572
3.2189972199766843,5573
3.087615614865028,5574
12.013053149863776,5575
10.865093749496888,5576
10.005480400276227,5577
10.016600475713988,5578
62.75946108449381,5579
24.893685257494145,5580
17.318929907233056,5581
11.640151670084654,5582
9.21696161642953,5583
8.271062203774253,5584
19.38247586276722,5585
44.877253790076296,5586
17.26320510962668,5587
15.426115423474114,5588
13.745237225228088,5589
8.272691325170324,5590
7.522934008590157,5591
29.317125133624614,5592
17.254615307791962,5593
12.742206056933322,5594
11.0019581560705,5595
7.816516891628742,5596
6.828139438098699,5597
6.781803107558885,5598
6.636543295041985,5599
15.665263799268745,5600
2.877095778320483,5601
4.06627370832887,5602
25.02443230476077,5603
14.306451891863246,5604
8.139524531638468,5605
5.776231176731897,5606
4.700609492214168,5607
4.287653501408961,5608
4.108124503848084,5609
3.957850880463751,5610
21.776924408088966,5611
12.215645525882003,5612
6.474120073711868,5613
4.5581645792106915,5614
3.4130884181668484,5615
3.099604361476824,5616
2.954516471251117,5617
2.878816529979434,5618
20.984398686954403,5619
11.716424051432387,5620
6.066626398346861,5621
3.9664692274561295,5622
3.335437744910248,5623
3.0154980494000236,5624
2.8044599346742096,5625
2.84170830172596,5626
6.339026072050038,5627
5.796267911258003,5628
5.848808003471506,5629
5.9730553071148185,5630
28.893950443028384,5631
21.714248847839382,5632
12.495318546096364,5633
6.680922437457221,5634
4.722761027426832,5635
3.5112953469175148,5636
3.203197071280787,5637
3.1925553616338864,5638
3.147787187117873,5639
22.99632177605555,5640
13.94436215606457,5641
8.404479367825745,5642
5.119249619417433,5643
3.9773363910355357,5644
3.7965266336396075,5645
3.707944485442164,5646
3.6451541119847617,5647
21.86109401936966,5648
12.299342293923894,5649
6.614539369492375,5650
4.671096960449729,5651
3.5175272655550684,5652
3.195659221796733,5653
3.042394626162926,5654
2.9756584948057667,5655
25.101616826364452,5656
3.2769824638253495,5657
13.64500262133777,5658
16.93374949099427,5659
19.857378672846508,5660
1.9793155515952352,5661
9.40143171018249,5662
33.13822013529684,5663
23.079529729380788,5664
16.971014123833633,5665
14.917741071666669,5666
13.682378524638647,5667
13.353840987769358,5668
13.200688663363522,5669
13.109086758389477,5670
24.511574996720086,5671
14.06016563553408,5672
8.158306016534105,5673
6.217887616981772,5674
4.895603291234555,5675
4.718838888976762,5676
4.437315050359772,5677
4.329943086574692,5678
8.160981220394609,5679
13.243387534957622,5680
61.84248617924579,5681
8.325897918607426,5682
61.27736433949603,5683
21.22073880307805,5684
20.269959465991604,5685
17.148003291311838,5686
23.378745887959745,5687
15.231932680295625,5688
8.267730168857268,5689
6.521074172317076,5690
5.468306007053521,5691
4.988611956071308,5692
4.91517316941996,5693
4.77307411683856,5694
23.287728574386037,5695
14.336966900755588,5696
7.818957534984881,5697
6.031554218301936,5698
5.122338774087776,5699
4.595098152128032,5700
4.431683248521545,5701
4.35830405374526,5702
23.291825700042818,5703
14.318053192093988,5704
7.818187517746721,5705
6.031527825184986,5706
5.122315793734037,5707
4.595077150785328,5708
4.431425461868588,5709
4.358069861305926,5710
23.258704823483555,5711
13.58621163839531,5712
7.844165322355432,5713
5.938398091862896,5714
4.777338449820259,5715
4.504218529209184,5716
4.325901176579563,5717
4.279906188438603,5718
24.3170417728541,5719
13.658851611208581,5720
8.1397813027693,5721
5.9580374211639375,5722
4.7924419992289575,5723
4.502876337729828,5724
4.412294923365209,5725
4.286191788957368,5726
22.384627775420086,5727
13.454112228602598,5728
7.64627448017826,5729
4.95128703861009,5730
3.744520994296953,5731
3.4476260474184444,5732
3.4118847014385407,5733
3.2825879032611653,5734
22.264777141478067,5735
12.631332942805123,5736
6.894864925459754,5737
5.020020983155369,5738
3.8266915668304793,5739
3.516000927828561,5740
3.469389574525276,5741
3.3931503833919745,5742
22.466997138834515,5743
12.683976416557226,5744
6.912445043158353,5745
5.092835510185101,5746
3.998042713034312,5747
3.6081934867323966,5748
3.6272766593702723,5749
3.5291373132934294,5750
22.62655994653123,5751
13.174626425271867,5752
7.534938712890293,5753
5.2971442084491835,5754
4.038331566587325,5755
3.6635450335041497,5756
3.7552228089223334,5757
3.6032184849429605,5758
25.384322004369228,5759
15.82290364840145,5760
9.536763573246049,5761
7.551162073223182,5762
6.840020317546665,5763
6.763933016271888,5764
6.477359975526714,5765
6.435051689224407,5766
23.147232496249014,5767
13.489091314924313,5768
7.722187472222829,5769
5.80365104302095,5770
4.624520141268527,5771
4.312569943852433,5772
4.21962960169324,5773
4.122671422240957,5774
23.144695641005633,5775
13.48930524379303,5776
7.749627011511914,5777
5.770020643581464,5778
4.5499150864675055,5779
4.295226521930367,5780
4.212552773749921,5781
4.122553709393478,5782
21.24219257081791,5783
11.812375773229544,5784
6.062812289315449,5785
4.11542047613619,5786
2.910451907048911,5787
2.5908147250866964,5788
2.547202438283373,5789
2.4482108404424987,5790
22.56704809278755,5791
12.95771511756558,5792
6.912546567789001,5793
5.119919271790798,5794
3.9606166037747936,5795
3.5986913667991955,5796
3.5217195207503114,5797
3.433382250405696,5798
23.51906972192763,5799
13.680292392258732,5800
8.470719396599224,5801
5.997407242578435,5802
4.91465215292866,5803
4.573038755493492,5804
4.491445293001172,5805
4.462023896962947,5806
23.590375653186967,5807
13.968050217146944,5808
8.274511631286261,5809
6.356587020129799,5810
5.210291501334142,5811
4.886955354408493,5812
4.755263048817325,5813
4.668734628736771,5814
73.02173369295903,5815
27.72513531479835,5816
15.302079123598421,5817
8.523164067355284,5818
6.943214978965395,5819
5.021755403747563,5820
4.526925617998596,5821
4.347720065033347,5822
4.243740563376895,5823
9.198767877074136,5824
48.646094410741746,5825
30.14335203635753,5826
15.498508568643981,5827
12.562765854347438,5828
11.54485842803944,5829
22.00446536565268,5830
12.968000919601298,5831
6.79768629380776,5832
4.984822529148334,5833
3.8137270681188156,5834
3.4799620361779526,5835
3.2865242476808505,5836
3.207008013816109,5837
29.642105309586086,5838
19.164701784123697,5839
11.722602250093717,5840
9.449310053296339,5841
7.6587933432074555,5842
7.1144952147148794,5843
7.134954324215698,5844
6.810678086180968,5845
29.762070960176636,5846
19.12600183641221,5847
11.536668096856427,5848
9.451731328258782,5849
7.651850190226022,5850
7.116921645860045,5851
6.919807223725391,5852
6.741193436966802,5853
5.648586163283333,5854
5.496045374274727,5855
22.889239623870548,5856
13.470921864408446,5857
7.1990723111095525,5858
5.268165907324136,5859
3.939575562456608,5860
3.52973013111594,5861
3.389905114379649,5862
3.488974911949252,5863
25.9631643111656,5864
16.215660978951977,5865
9.770272136173485,5866
5.785883607936508,5867
3.993186661451891,5868
2.9697814026002103,5869
2.7590874283922298,5870
2.6459227496296576,5871
12.765109127830291,5872
12.584703947073562,5873
9.893813215789972,5874
23.60665893716858,5875
18.199090993598645,5876
15.03021563348396,5877
2.899081340545791,5878
2.4845057146948455,5879
2.39741387827611,5880
2.713255084560264,5881
6.586613711938812,5882
6.298294801239254,5883
5.154251219365369,5884
4.733609685541594,5885
2.539285971932535,5886
7.206256486277037,5887
6.988676345518247,5888
6.442399129008629,5889
5.516406389553807,5890
9.7413677235963,5891
22.483368347149092,5892
14.841648772734775,5893
14.379667793533917,5894
14.155316351402007,5895
14.152893505187286,5896
16.644084125799793,5897
11.714441237370858,5898
8.57629295772084,5899
8.262520648707666,5900
6.765430751574853,5901
2.234362368367658,5902
2.203027018172507,5903
25.001226310571894,5904
14.725181165538865,5905
8.55362919942206,5906
6.412976399023594,5907
5.190322186949074,5908
4.854623241729587,5909
4.704230036629335,5910
4.622134955009531,5911
8.877219827693574,5912
8.510763046917058,5913
21.958523599316514,5914
13.193583265457036,5915
7.181561862642119,5916
4.972524636986345,5917
3.5050108969235163,5918
3.341596628874117,5919
3.3237894003668917,5920
3.22621062161959,5921
28.040541925443723,5922
15.241379074981587,5923
8.661669502053309,5924
6.1377567928975925,5925
4.9562714463719795,5926
4.397065653959733,5927
4.215775318175953,5928
4.176365819156711,5929
9.81703087899718,5930
8.911153357070082,5931
8.251737082402485,5932
6.987153790052596,5933
12.484029093484201,5934
9.081697172550163,5935
12.604807558469094,5936
7.911492062801534,5937
11.710305600668823,5938
27.550897753322158,5939
7.243492881113109,5940
4.232467155909417,5941
30.522466941813224,5942
16.905669559573347,5943
12.491184391469403,5944
8.555325703531754,5945
6.878865511448692,5946
6.4941757505096325,5947
6.0517596926457635,5948
29.84360688545213,5949
27.12459073461353,5950
13.141379839126127,5951
13.529015438791085,5952
11.097978771837969,5953
11.173666963944129,5954
62.13707150242155,5955
15.134153553588519,5956
28.192744043083948,5957
15.903537521841388,5958
11.0283890723675,5959
6.194020332568554,5960
4.3122389512917625,5961
11.836083991212623,5962
8.381820555538571,5963
6.66671900124629,5964
6.898228680886746,5965
6.245259101639568,5966
29.40309529019262,5967
15.177162667978239,5968
9.864374151885425,5969
6.180846409810373,5970
4.292217283928511,5971
28.120971166585345,5972
14.374440828474084,5973
11.545551367814445,5974
7.188856372600932,5975
4.354420799437367,5976
8.080333607314461,5977
7.372253577992427,5978
15.938469485801823,5979
9.933291511662658,5980
6.893227570867446,5981
22.89963424289448,5982
12.302738252196354,5983
6.3264165484735555,5984
4.611020308117932,5985
3.505910160411529,5986
2.9146234872364207,5987
2.7107610632224355,5988
2.6272418769462655,5989
26.830298317483017,5990
15.926951297707516,5991
9.821532149840982,5992
7.645515187241356,5993
6.375756824125158,5994
5.477921912758846,5995
5.316053074014282,5996
5.4194404409236325,5997
29.874283775952584,5998
21.316585733178623,5999
12.765542884025098,6000
11.11634016738494,6001
8.729041506992035,6002
6.917362188262934,6003
6.632532667240729,6004
6.502209932153336,6005
8.130194973345887,6006
7.072736733154613,6007
6.089901284984054,6008
5.292371387639934,6009
4.347916564573994,6010
27.909843975198193,6011
8.689025140561428,6012
22.44151019332513,6013
12.862588717627062,6014
6.838922380054974,6015
4.680417939302672,6016
3.32744720368322,6017
3.032432234998238,6018
3.0203186950885734,6019
2.9004664133409226,6020
32.57514011891707,6021
16.20939510094728,6022
9.27578084721494,6023
7.038455802308488,6024
5.496777946470346,6025
5.241143801610677,6026
5.2051664136122415,6027
5.03960453707782,6028
28.800069924742836,6029
16.11580036772977,6030
8.870327063474843,6031
6.995535651302607,6032
5.549988408897043,6033
5.582700924326434,6034
5.470891304841562,6035
29.59777797660015,6036
16.74978713600292,6037
9.862010237173072,6038
7.40303434797226,6039
5.991748925305442,6040
5.428459462079165,6041
5.211864007429982,6042
7.261437713630355,6043
24.962891949933635,6044
5.671006398104278,6045
1.6795849362727064,6046
23.941059300420836,6047
5.163004139207979,6048
1.454548677213776,6049
30.793568870451388,6050
6.980720169443689,6051
2.0692810110114332,6052
21.63398310688671,6053
16.896242666515516,6054
14.486235308521263,6055
12.745783188448318,6056
10.865905580678335,6057
22.198776635460007,6058
12.340496324097414,6059
6.599317333766409,6060
4.740796591922174,6061
3.644055595770051,6062
3.1917624727521168,6063
3.1152414817860254,6064
2.9018579773296227,6065
7.135096807521535,6066
2.4887684417211537,6067
23.893060538801777,6068
5.176885010216839,6069
1.4463338374444656,6070
21.480735854624697,6071
11.823858827175018,6072
6.155749831267575,6073
4.417005788504913,6074
3.2536811263317422,6075
2.797640232744196,6076
2.6390234428828045,6077
2.549761471151355,6078
21.561453105165327,6079
11.785255018290608,6080
6.186334919923387,6081
4.366006725913812,6082
3.162539052955685,6083
2.8035344992544515,6084
2.582722785753658,6085
2.487016757815355,6086
9.318227316651605,6087
27.776604695836603,6088
10.76913971714501,6089
9.22582962603774,6090
6.29248282946502,6091
4.0236669314067,6092
3.8122089918677844,6093
21.23536756195342,6094
11.669872225318862,6095
5.966291377020718,6096
4.021773997667566,6097
2.8633650501599996,6098
2.581573203426521,6099
2.421923658996441,6100
2.3592737401419765,6101
3.637993403159231,6102
90.05576941343064,6103
36.71754903779311,6104
48.294154066067634,6105
16.806461635547695,6106
16.916768142225738,6107
6.458641079271241,6108
14.424881716471777,6109
28.767696956408443,6110
16.471112636656002,6111
9.651768346198777,6112
7.386538817104341,6113
6.1098633324202565,6114
5.675120121060981,6115
5.532256610103186,6116
5.349099556256521,6117
7.528334290550935,6118
103.43135986143902,6119
134.15400722033394,6120
27.680356089482387,6121
15.733123646584922,6122
8.631672263667248,6123
6.262484985982502,6124
4.742991711177987,6125
4.414842851113064,6126
4.242757383583138,6127
4.131140679084039,6128
25.474548810616533,6129
16.002647598319243,6130
8.692654671185656,6131
6.4809377437390525,6132
5.084914754596261,6133
4.853237989798326,6134
4.60347382453981,6135
4.452128280032146,6136
17.545561471293304,6137
8.999041698711565,6138
7.850587835555406,6139
5.440749975496968,6140
5.509765276824313,6141
1.0365607985511744,6142
4.034106703563059,6143
11.825210593985656,6144
22.437798137479884,6145
13.29962504012398,6146
7.355435174178012,6147
5.211307337180033,6148
4.079807211241231,6149
3.7723417012205616,6150
3.582613444519346,6151
3.522915438416146,6152
22.445163363147056,6153
13.070009514376512,6154
7.276919329669375,6155
5.238890657950305,6156
4.090036711045255,6157
3.7558213811629106,6158
3.599716376242214,6159
3.5294782730603225,6160
24.357168979564666,6161
15.585370785612549,6162
8.14713457398983,6163
6.78747025632782,6164
4.553207828094551,6165
3.930803897966834,6166
4.308163551529876,6167
4.286579464477578,6168
12.641065057418992,6169
4.525806729556512,6170
8.62341431560564,6171
13.022741741230037,6172
9.353239727809333,6173
9.471893184144514,6174
7.781168206379136,6175
24.26585314290777,6176
13.585718524990801,6177
7.5813062866106575,6178
4.758660265456753,6179
3.5250059621676266,6180
3.1958053182554207,6181
3.1804529574048104,6182
3.0617137985494534,6183
23.15331680389374,6184
12.850152536051846,6185
7.2927791699605065,6186
4.9145593463845065,6187
3.6606899698243303,6188
3.001068606642774,6189
3.0033198278665902,6190
2.7781178867559637,6191
21.642619319323302,6192
12.068671442681143,6193
6.3134860356448455,6194
4.381114926882237,6195
3.2368857582200756,6196
2.919254876302182,6197
2.7837810186078764,6198
2.707375400708412,6199
21.627384603565076,6200
12.06628831213057,6201
6.387178471237727,6202
4.355560380222299,6203
3.2463611833470876,6204
2.9223870140675525,6205
2.783839908467142,6206
2.689796163713385,6207
21.636028546442482,6208
12.08584027648935,6209
6.346045561062448,6210
4.669839239451179,6211
3.371411133539032,6212
2.9462673277773215,6213
2.8120886949269686,6214
2.7270058778881983,6215
21.636028546442482,6216
12.08584027648935,6217
6.346045561062448,6218
4.669839239451179,6219
3.371411133539032,6220
2.9462673277773215,6221
2.8120886949269686,6222
2.7270058778881983,6223
26.526371143922685,6224
14.287323626505849,6225
8.111386490430231,6226
5.9333782782718005,6227
4.338542221236048,6228
4.119119342209516,6229
3.716609625766496,6230
3.745784927618916,6231
25.82262222321422,6232
14.234579684168253,6233
7.84626555907895,6234
5.8718050100360095,6235
4.611116999144884,6236
4.046639428850394,6237
3.8583375813644163,6238
3.8345565140720272,6239
22.600675907401712,6240
12.213818301473992,6241
6.590563801125095,6242
4.575772805153635,6243
3.418917790702529,6244
3.1205138019845355,6245
2.9782206257441115,6246
2.953276051191639,6247
21.417894869384032,6248
11.885013137583096,6249
6.1478815234212485,6250
4.263148972101078,6251
3.128056343832167,6252
2.7508342879794143,6253
2.6274219921632445,6254
2.5445302687124793,6255
22.155421623544658,6256
12.41657199403083,6257
6.729303204230405,6258
4.685829366028851,6259
3.637123499630671,6260
3.30789651694972,6261
3.082044261577037,6262
3.056724651758166,6263
25.232665447557437,6264
14.85459690116477,6265
8.309307417052976,6266
5.770952228797172,6267
4.635873143181406,6268
4.2088002970220595,6269
4.061440999507619,6270
3.8254356972646124,6271
21.79334152927424,6272
12.204004566702784,6273
6.402696218049069,6274
4.440808668235596,6275
3.2830992740716654,6276
3.058139305712979,6277
2.878684326205616,6278
2.7848348865632646,6279
21.918078220774884,6280
12.32092594387062,6281
6.565030225986972,6282
4.636629493678828,6283
3.487732164147,6284
3.164329530411384,6285
3.0350836580003975,6286
2.9375143514188657,6287
28.456279249609512,6288
16.65248487114451,6289
9.589900240082748,6290
7.114481952875923,6291
5.782181615110214,6292
5.3757167251466065,6293
5.152317537548615,6294
5.123135595103371,6295
9.387799885502561,6296
8.766536942151053,6297
6.637035944510005,6298
6.569867131790375,6299
121.36565548772948,6300
51.92811562014524,6301
14.521482784926429,6302
13.325972699029776,6303
12.967738771603516,6304
5.032361007218932,6305
61.529342793264306,6306
14.231327938711347,6307
8.540118832738504,6308
22.451103413365445,6309
12.929067107517502,6310
7.055012439138752,6311
5.173385184755591,6312
4.085790119812887,6313
3.7362284066086446,6314
3.5883981224442123,6315
3.5083228189900124,6316
213.00268169143555,6317
191.46264752704195,6318
23.65986533316029,6319
21.379528274904967,6320
11.817894096254363,6321
6.075590040135855,6322
4.16496990267154,6323
3.014831564072119,6324
2.7012203480281975,6325
2.557330805297094,6326
2.4733185874733916,6327
21.831766845853682,6328
12.139293648200312,6329
6.3058849574411004,6330
4.350983413880279,6331
3.173158979681543,6332
2.771229874033906,6333
2.6070012578779003,6334
2.5483812556629752,6335
6.207912316148308,6336
8.913215771856173,6337
12.768751685289924,6338
2.1463415300523017,6339
5.661267315633359,6340
5.668820272044989,6341
8.596858971567624,6342
5.291974555187105,6343
28.375680740073204,6344
17.103494583121034,6345
9.930290605103437,6346
7.543707842556114,6347
6.140778499776242,6348
5.73178557526935,6349
5.546436595622249,6350
5.429484149757379,6351
28.375680740073204,6352
17.103494583121034,6353
9.930290605103437,6354
7.543707842556114,6355
6.140778499776242,6356
5.73178557526935,6357
5.546436595622249,6358
5.429484149757379,6359
23.428564231771958,6360
13.786005274097503,6361
7.894979700779578,6362
5.972938827314499,6363
4.92650589760146,6364
4.499590269664015,6365
4.318626432132415,6366
28.99808862477234,6367
16.96514327269841,6368
10.14703572324573,6369
7.773028922522723,6370
6.345525770246212,6371
5.943958233187638,6372
5.747062000761949,6373
5.639384900899228,6374
22.174283269048555,6375
12.600419207368072,6376
6.910184052295693,6377
4.955653399680222,6378
3.8069453323336235,6379
3.4942538794323967,6380
3.353364440234608,6381
3.260579246926737,6382
25.826331783633247,6383
15.601287540874955,6384
8.601065698932796,6385
5.597386333833754,6386
4.605573539772061,6387
4.49635490069772,6388
4.315351355349585,6389
4.227748789853249,6390
9.78995560379378,6391
10.818736634101091,6392
7.747325310998845,6393
4.942737894244089,6394
5.549959527324438,6395
12.988944606398656,6396
22.43211729292287,6397
12.747694625504217,6398
7.034513499213592,6399
5.21696146733039,6400
4.0672985560227595,6401
3.8092328271703684,6402
21.67792659941741,6403
12.040529088806274,6404
6.346841887674543,6405
4.414750311489972,6406
3.2668994612035984,6407
2.951868828722674,6408
2.8019802199055057,6409
2.718932979274026,6410
9.73898181676551,6411
10.344164709026092,6412
8.514131897912751,6413
8.871029812876127,6414
24.015660163145903,6415
13.531568401157623,6416
6.618840191353526,6417
5.337220706895473,6418
3.7654207087384792,6419
3.4040512486168617,6420
3.472065265783329,6421
3.227275137665201,6422
21.394661808041963,6423
21.365411126085508,6424
22.2380130343375,6425
12.54946473804112,6426
7.351635767156763,6427
4.843667664425348,6428
3.9223135144344834,6429
3.465257262003992,6430
3.097979102755096,6431
25.31435273920842,6432
15.605534176907947,6433
8.670962987226368,6434
6.373361251936878,6435
4.0414174951014745,6436
3.5196861522268184,6437
3.964054669286262,6438
29.661045587413117,6439
18.319392803854548,6440
10.680272135490098,6441
8.824829841164314,6442
7.471082373027065,6443
7.2966457215059135,6444
7.284035625464262,6445
7.028712769471225,6446
88.29475694355689,6447
38.360895232805916,6448
20.23767994181749,6449
18.27113446857088,6450
17.561336237497006,6451
42.32293102129134,6452
12.86952043211294,6453
9.2264020711538,6454
7.566328717970106,6455
7.39594458016826,6456
5.664023396572476,6457
5.794641390556367,6458
12.703715325406149,6459
8.961111076690893,6460
7.669177964594384,6461
6.9654881921780705,6462
7.3660681390408715,6463
4.136172758003411,6464
4.458514528773455,6465
5.368280503653413,6466
3.6015723524850625,6467
11.277614275968126,6468
10.739730957030243,6469
5.952656223291855,6470
7.289102605911839,6471
7.128490731616834,6472
5.802951336787314,6473
5.381126432207451,6474
5.028746590491097,6475
49.93369177449881,6476
8.482013121305975,6477
7.008355126694385,6478
6.423770506758549,6479
6.154115801758785,6480
10.611154113608277,6481
28.210004098775624,6482
16.392168012544012,6483
9.23292374686845,6484
6.863362707568919,6485
5.439747371492486,6486
5.030238940726736,6487
4.8380095508894145,6488
4.732483541205865,6489
26.469388627004705,6490
16.892874379157607,6491
9.720483098235722,6492
8.088221157914385,6493
7.135248730540997,6494
6.382369304596597,6495
5.615970113639068,6496
5.515410348202523,6497
21.692137593702014,6498
11.956315490860966,6499
6.300954002362953,6500
4.363582995837993,6501
3.2528987241302803,6502
2.9243348461891943,6503
2.7765729691370855,6504
2.6781288265193997,6505
22.201192794000715,6506
12.575953581255664,6507
6.9477490518034815,6508
4.84165359461401,6509
3.7591137647564046,6510
3.4678591540390764,6511
3.3326700601383688,6512
3.2459507756785464,6513
8.074123853544064,6514
3.6155743779146046,6515
16.028188914259278,6516
10.838928872935039,6517
18.869365412607998,6518
21.52898548560537,6519
12.528190065728914,6520
7.775201019077974,6521
4.955567649937901,6522
3.595920881266425,6523
3.185896933317429,6524
3.0972428608596676,6525
3.168412691507137,6526
16.036367893882378,6527
12.179764279012508,6528
11.27501391508706,6529
14.17467003682137,6530
4.721959167587714,6531
22.548850156032877,6532
12.563832800383043,6533
6.580486457018962,6534
5.526960399235079,6535
4.568892424491342,6536
3.6101213162868864,6537
3.6482490711521063,6538
3.6573109283717327,6539
25.3231161251964,6540
15.407333301953662,6541
9.063348127369942,6542
7.297406062109609,6543
6.111267917564782,6544
5.74697197201294,6545
5.590510803822478,6546
5.4794922408228945,6547
28.690757798508734,6548
16.72032880411455,6549
9.670551395260665,6550
7.599626303062705,6551
6.061226048994219,6552
5.4714634628133645,6553
5.35205925971799,6554
5.225860620624116,6555
22.189172641601793,6556
13.357498957496281,6557
6.8041333059532985,6558
5.716754012981935,6559
4.279939251876671,6560
4.141770728182465,6561
3.9152358802169944,6562
4.03533550427454,6563
25.364716243314145,6564
15.29819622906815,6565
9.369088905972378,6566
7.297543410105163,6567
6.12783175352143,6568
5.845105601312554,6569
5.593996960048045,6570
5.554538405069221,6571
26.806456787848685,6572
15.316509340908095,6573
8.587554605206366,6574
6.399281503546679,6575
4.7385818827378365,6576
4.285748074900826,6577
4.0860818762843,6578
4.019536964786886,6579
17.520036945826003,6580
25.475992256038932,6581
14.002832919735122,6582
7.873257867359821,6583
5.9982343721637985,6584
4.9496525787477115,6585
4.424990066480195,6586
4.491482129198579,6587
4.396273906985823,6588
2.2335774847290537,6589
13.268662621352437,6590
9.860943029262211,6591
8.130804743993682,6592
6.300518449239469,6593
6.240730278481237,6594
5.279585880755498,6595
25.727101110969038,6596
15.59678959118863,6597
9.501444849216464,6598
7.463544539970307,6599
6.2404032030939804,6600
5.89509368596415,6601
5.745171182012146,6602
5.652953628599862,6603
22.831066292685822,6604
5.4538453701933065,6605
22.843516119556735,6606
13.416755176855714,6607
7.346651856576523,6608
5.213353637426217,6609
4.08615873161757,6610
3.777030064078133,6611
3.5828492653513515,6612
3.5231233961915405,6613
22.843516119556735,6614
13.416755176855714,6615
7.346651856576523,6616
5.213353637426217,6617
4.08615873161757,6618
3.777030064078133,6619
3.5828492653513515,6620
3.5231233961915405,6621
28.691146927738924,6622
17.004929573516534,6623
9.883967001422608,6624
7.464340244822295,6625
6.04276804401607,6626
5.636334474638491,6627
5.44948341487441,6628
5.337687804585029,6629
28.102936696298773,6630
16.83088094974354,6631
9.674539750754038,6632
7.300261159697802,6633
5.8754701928339355,6634
5.47581618401673,6635
5.28096283570557,6636
5.169191189626698,6637
28.479267169766622,6638
16.71113215937912,6639
9.252180287759685,6640
7.5568916283221546,6641
6.27632201505127,6642
5.7331779954355975,6643
5.414880412571417,6644
5.370516973363649,6645
28.807248352613453,6646
16.89079720436697,6647
9.704508535103189,6648
8.206364325619159,6649
7.2114237927083495,6650
6.179195948807493,6651
5.919371868482314,6652
5.947530349357629,6653
10.381103793458236,6654
7.211466221591613,6655
4.945712356064295,6656
4.5173562019765265,6657
8.97625414235552,6658
6.3383409038150695,6659
5.514462585139483,6660
5.205164980673131,6661
22.92354562179767,6662
13.20478695016432,6663
7.602282339643436,6664
5.5396196054364015,6665
4.442509654693014,6666
4.113969646613295,6667
3.9785126677434786,6668
3.8792680858597164,6669
8.300291409297891,6670
8.154618257052338,6671
2.061271253044049,6672
13.964984472387545,6673
22.53690593283394,6674
12.546747860583563,6675
6.475744185621937,6676
4.621048712360581,6677
3.579377492224846,6678
3.1389236044955457,6679
3.0014366354651307,6680
2.879730738551875,6681
21.67529483288051,6682
12.110376337413571,6683
6.368552966993423,6684
4.474875682135852,6685
3.3112955246859586,6686
2.993581697646599,6687
2.849419517393084,6688
2.7689542631915076,6689
21.67529483288051,6690
12.110376337413571,6691
6.368552966993423,6692
4.474875682135852,6693
3.3112955246859586,6694
2.993581697646599,6695
2.849419517393084,6696
2.7689542631915076,6697
23.53817548194851,6698
14.008063591683554,6699
8.285631700376543,6700
6.310405249942205,6701
5.208944037660416,6702
4.812692646221574,6703
4.660320259875691,6704
4.64782794541952,6705
8.239906875700244,6706
9.967504945862757,6707
17.507277774367605,6708
14.463533745168203,6709
12.498952484327855,6710
9.075859868113987,6711
22.33415162226854,6712
12.806381025193666,6713
7.047571684917391,6714
5.140446952478301,6715
3.982029701066621,6716
3.666761877411365,6717
3.5245393616669807,6718
3.428473878652428,6719
28.102936696298773,6720
16.83088094974354,6721
9.674539750754038,6722
7.300261159697802,6723
5.8754701928339355,6724
5.47581618401673,6725
5.28096283570557,6726
5.169191189626698,6727
2.5392630465048325,6728
57.11852366429951,6729
25.485123330220645,6730
10.997350948351723,6731
11.36150218240656,6732
8.153705061896265,6733
7.561516800921641,6734
7.132720574572525,6735
7.137420608272894,6736
6.237605933728045,6737
24.59925111300535,6738
14.515294126933593,6739
8.167398062921935,6740
5.910269772354688,6741
4.5667060583776005,6742
4.211922294792296,6743
4.079350157612579,6744
4.041525845985019,6745
4.368951491681298,6746
34.71470809797151,6747
23.194343101018873,6748
16.96495365199516,6749
10.428255965595397,6750
27.72079627608637,6751
18.53513136886453,6752
10.57897816978872,6753
10.348111789350552,6754
9.415356093276552,6755
10.299660866074477,6756
7.537896622267282,6757
7.3232073468608725,6758
22.314923849992677,6759
12.410202147794184,6760
6.791473123099891,6761
4.967307155251831,6762
3.71512011650771,6763
3.478380347159325,6764
3.3316556740227226,6765
3.2784691663536485,6766
21.502635557411356,6767
11.659058172216255,6768
5.893330342907404,6769
3.73990253517778,6770
2.438121061490078,6771
2.3108576269125938,6772
2.002109078357934,6773
4.206980107800238,6774
26.27786814850714,6775
16.585606300609662,6776
11.202076854434367,6777
9.212866798944482,6778
7.739802804612245,6779
7.441838716085942,6780
7.288735248972865,6781
7.256281316692636,6782
26.255898386440784,6783
16.57835834092997,6784
10.611612161919146,6785
8.890457307119958,6786
7.4635144826874935,6787
7.023743645356796,6788
6.710004449250683,6789
6.676250058678298,6790
27.99405898224167,6791
17.581006488523165,6792
11.09293579421606,6793
8.828000231755126,6794
7.769542950106654,6795
7.291672432822237,6796
6.93026231226722,6797
6.864893961661486,6798
21.99151640210368,6799
12.220018329659682,6800
6.3608397589275985,6801
4.387853656688873,6802
3.184980595901768,6803
2.9276977085022686,6804
2.7630235650325323,6805
2.6689867518754937,6806
21.495286241898796,6807
12.04456409680114,6808
6.161672762076018,6809
4.322646709534884,6810
3.1500014976022213,6811
2.8192152022067973,6812
2.690031015101783,6813
2.609765004061001,6814
21.741420803038487,6815
12.27960591969808,6816
6.411661015320899,6817
4.517328034850756,6818
3.378876524693283,6819
3.0610718972812823,6820
2.913858643644517,6821
2.8258576271300098,6822
21.358731597706637,6823
11.818605447197761,6824
6.057162003250909,6825
4.163522007047949,6826
3.0276296710095685,6827
2.685325905255667,6828
2.5382627288758726,6829
2.457633581921076,6830
21.646970512287748,6831
11.979270043057497,6832
6.401359287630947,6833
4.3732334329814915,6834
3.2492325605051464,6835
2.9612512254082985,6836
2.801315514982044,6837
2.7010019864001396,6838
21.601282994807146,6839
12.131022441756208,6840
6.327190166956301,6841
4.410051046393936,6842
3.2531449236770453,6843
2.9379036996460837,6844
2.8113107803562576,6845
2.7178592151241228,6846
21.195629494144562,6847
11.619107200616396,6848
5.860917486251203,6849
3.9306959943295645,6850
2.8000175356431614,6851
2.476555205356818,6852
2.35041659944951,6853
2.2567638863090704,6854
21.662283677009313,6855
12.049503031277991,6856
6.203665985952501,6857
4.3474179998213724,6858
3.186805599064397,6859
2.8871667054631494,6860
2.7357660812197673,6861
2.6500914076964652,6862
28.79335679685431,6863
17.644694054611453,6864
10.594312352859383,6865
8.134860490328832,6866
6.784022333609774,6867
6.372428463388346,6868
6.191529823851071,6869
6.0747420540841155,6870
21.392944957515784,6871
11.960415829911337,6872
6.166390537183786,6873
4.321184179863178,6874
3.1490151739698,6875
2.8200010916463287,6876
2.691225000069021,6877
2.6095334590617183,6878
21.682606554230553,6879
12.17756981340215,6880
6.455394885566804,6881
4.41057026715872,6882
3.1645507242862636,6883
2.6636123445448843,6884
2.6037497650633594,6885
2.6381841468690763,6886
25.48827196323556,6887
8.883289706809718,6888
9.728539725385541,6889
13.739572030250052,6890
13.94969916297654,6891
9.87628527890794,6892
9.126138690801081,6893
10.890809762119238,6894
3.2043955523625387,6895
46.50374405244634,6896
25.92295521031189,6897
16.23782374147341,6898
8.974817177148138,6899
6.439733603564243,6900
5.3370974762079,6901
4.893421796498351,6902
4.994564002293887,6903
4.891568026823128,6904
24.03887868793429,6905
14.432293208892986,6906
7.861940070722439,6907
5.21773059873329,6908
4.521801508734369,6909
4.249189763513318,6910
4.05861028007487,6911
3.9041863109477837,6912
64.21450559423366,6913
12.442267167725094,6914
12.436069374953956,6915
10.228922511342908,6916
29.06804726086469,6917
17.108318515623836,6918
9.82346226052884,6919
7.093543771703921,6920
5.078468441060978,6921
4.84759571462135,6922
13.134452914821168,6923
2.708190476169478,6924
2.102864933922687,6925
5.001665857010741,6926
2.718659162918051,6927
6.444123283588917,6928
7.861518431888643,6929
23.031761124205424,6930
12.195930654169706,6931
6.377971027614133,6932
4.127737032910772,6933
2.9940320245203487,6934
2.73842300274745,6935
2.5599029907823017,6936
2.497920150314834,6937
21.735192645141417,6938
79.52893102230891,6939
25.281445750097422,6940
22.03810729622716,6941
12.441871911419096,6942
6.577347391119482,6943
4.785752547816806,6944
3.644377267765229,6945
3.298416992307394,6946
3.184682013045467,6947
3.094071313932549,6948
22.029288583142108,6949
12.452834062495741,6950
6.661457468551727,6951
4.840684190544173,6952
3.646081520442509,6953
3.3137269632542137,6954
3.1889491773671006,6955
3.095919212688964,6956
21.99621082832828,6957
12.352030571756933,6958
6.610893833207591,6959
4.70109776235165,6960
3.673198750431555,6961
3.172403819055617,6962
3.0857653406175736,6963
2.9321305918578155,6964
6.0522762752437265,6965
29.284887533192357,6966
17.41724736349359,6967
10.27971594841549,6968
8.006166204777612,6969
6.483333849140601,6970
6.082508070054159,6971
5.889682495061273,6972
5.7811964557293845,6973
24.476866091332408,6974
114.99846202769659,6975
17.50239708547396,6976
25.023755950225077,6977
14.798417120994115,6978
8.72971152921065,6979
6.133960631912929,6980
4.997435089809142,6981
4.670424326753492,6982
4.496234072470742,6983
4.461644560209512,6984
36.30787636679071,6985
34.43400928282968,6986
20.870110458104346,6987
141.28757951165747,6988
22.46786378953852,6989
12.709814320402858,6990
7.109231506789856,6991
5.136521320603115,6992
3.735324339240067,6993
3.5258854485035087,6994
3.414779577015866,6995
3.472850708832912,6996
9.992353858053008,6997
30.659296123040225,6998
20.36119705292392,6999
13.522713164207229,7000
11.468362267387917,7001
10.053510404009497,7002
9.606413317067695,7003
9.430899549676708,7004
9.29054950682837,7005
17.52347072114207,7006
31.3913661981011,7007
12.983753239713812,7008
12.747504531427687,7009
11.285505306653672,7010
6.532628286439712,7011
5.382184471416973,7012
7.191758920981312,7013
3.7660620185100955,7014
6.904370349192092,7015
6.436459600355626,7016
23.845233468506404,7017
14.005420192578566,7018
8.371242122498632,7019
6.201307739833139,7020
4.878367730629158,7021
4.744940532638015,7022
4.646482613524462,7023
4.297990403565118,7024
25.554305580453075,7025
8.303399339717982,7026
28.10527949587462,7027
16.602485200917947,7028
9.605392877988939,7029
7.295441449147341,7030
5.748280864609082,7031
5.478440707218628,7032
5.2527028568861045,7033
5.16422198431531,7034
7.999398101566288,7035
7.814926583575087,7036
6.0817486569839305,7037
5.6492580584894965,7038
21.429623271442384,7039
11.897575516349097,7040
6.160268907092501,7041
4.251825869705124,7042
3.1272128878795313,7043
2.7861729363041454,7044
2.648092077686765,7045
2.5616260151902064,7046
29.94442844750375,7047
20.69151385325376,7048
12.855623632278194,7049
11.229280109278374,7050
9.303396660504836,7051
9.175972803322765,7052
8.914635708827339,7053
8.754597938022808,7054
28.655868053950368,7055
17.18662627079806,7056
10.2753149591596,7057
8.626277509543268,7058
7.395227282921469,7059
6.8975428059207875,7060
6.952193480805658,7061
6.617540309191799,7062
23.822593592696744,7063
14.295715453843304,7064
7.8116407981082014,7065
5.719566998941546,7066
4.358544453457912,7067
4.428220123619087,7068
23.791178184373926,7069
14.15669880360357,7070
7.530791788257721,7071
5.716525955977489,7072
4.351779815186755,7073
4.421460252082216,7074
4.482701960531109,7075
2.574089759428886,7076
2.7934199591631077,7077
3.4137122351609777,7078
3.09199637804395,7079
3.0680180140454794,7080
3.3839222762767216,7081
5.211153794055789,7082
21.45814039162822,7083
11.892624634142846,7084
6.153702182741319,7085
4.239942626003957,7086
3.0965427959162968,7087
2.7794700719102954,7088
2.63585419875455,7089
2.553964283883864,7090
21.64820795879319,7091
11.918439089890288,7092
6.156401000457237,7093
4.248192093932086,7094
3.085472984542271,7095
2.7325778321114,7096
2.5317939174682524,7097
2.4537802556539936,7098
3.5161305468842476,7099
7.37560412644525,7100
11.009181321884853,7101
13.425886832062634,7102
39.51602944593856,7103
16.277519072673346,7104
16.797558220537304,7105
26.172191199650722,7106
22.424265474522702,7107
44.3592235392207,7108
25.6037774217994,7109
17.77485417750492,7110
9.56741983959802,7111
31.595475425948173,7112
33.46826689373974,7113
38.65942416156514,7114
13.741276541233917,7115
75.90597404021402,7116
10.621338957909462,7117
15.250111052507213,7118
20.334535079389862,7119
12.80275581937789,7120
28.54675926705118,7121
10.96951880519035,7122
22.17612854747666,7123
13.433082899328888,7124
6.826456372598454,7125
4.802341662070184,7126
3.6540448173226014,7127
3.4078653818709754,7128
3.363571557279583,7129
3.3253397182295292,7130
8.481291480188082,7131
5.395523302152084,7132
25.23347781695708,7133
20.163198418284043,7134
22.063469485273735,7135
13.117384679701583,7136
6.896206691745785,7137
4.850611009611886,7138
3.5537877997157676,7139
3.5109857310102823,7140
3.303302610978432,7141
3.24650642446073,7142
21.378466572573217,7143
11.804388045801165,7144
6.066583866183326,7145
4.153759664289291,7146
3.004251943244455,7147
2.690270001205707,7148
2.5484532441977605,7149
2.4647752440022113,7150
17.23323947126769,7151
8.897142150852616,7152
7.2094661114293075,7153
6.878494807714486,7154
2.6246467673688745,7155
86.56925616019156,7156
29.315142706111814,7157
17.2150318481521,7158
9.933950847761556,7159
7.584861398831526,7160
6.179249496980145,7161
5.793962086817452,7162
5.639094995524924,7163
5.542694360631736,7164
12.2326661270645,7165
4.675901587558159,7166
4.678667943513832,7167
6.580425375832087,7168
6.631561807969143,7169
1.3772829934945625,7170
2.720109580092609,7171
38.43320428360536,7172
45.18948855821745,7173
41.05954969828012,7174
19.56992503288939,7175
9.899284819190395,7176
3.508048629078256,7177
3.4680248849897923,7178
3.4884872948156076,7179
27.019436012468333,7180
16.280194485359058,7181
8.473984862297689,7182
6.873906452072761,7183
5.059293164333573,7184
4.814993945910734,7185
4.621379705423189,7186
4.168645080892542,7187
7.866220888063693,7188
29.171235060022507,7189
17.611264007856438,7190
10.451089406190306,7191
8.093880116465572,7192
6.736916453060598,7193
5.945847563216398,7194
6.1164943724260254,7195
6.045600367340776,7196
33.442337250850194,7197
9.74458688938403,7198
4.510372682905261,7199
28.22333536290523,7200
15.794373813939126,7201
9.569542643398954,7202
6.9822416027484975,7203
5.075942233061952,7204
4.9975660552303145,7205
36.21935711169069,7206
21.327365707147578,7207
14.430185475546306,7208
9.579486843916317,7209
6.706216026012482,7210
6.8741540991888614,7211
12.705291963448582,7212
10.254074794019123,7213
8.955763161660204,7214
9.498074940659064,7215
11.56994841717681,7216
8.672932223551744,7217
9.577102704049205,7218
7.601810398637447,7219
3.3599668539974674,7220
3.328553428749999,7221
3.8373631269194663,7222
27.933795950319126,7223
16.01593703636975,7224
8.84341358592694,7225
6.685443029058271,7226
4.94082251735319,7227
4.503525334805951,7228
4.1106291795580345,7229
3.9596867424990063,7230
22.299122418114653,7231
12.915811796711772,7232
7.297076412318062,7233
4.719454760461907,7234
3.569335436257024,7235
3.2151842504244237,7236
3.05882009772219,7237
2.9661053972326314,7238
2.975114326092437,7239
14.942737977462055,7240
15.326191702483793,7241
6.393314752510864,7242
12.704082541777064,7243
10.733580245666309,7244
9.273184742408604,7245
9.118840353325009,7246
8.047713130739512,7247
6.380320419050409,7248
6.537530468799808,7249
16.57342615353547,7250
18.120108998157786,7251
11.520331187468237,7252
9.4085541289446,7253
15.125826545858112,7254
11.849727228297645,7255
10.05347695556574,7256
8.627010224002696,7257
15.026266269490094,7258
13.963941992988046,7259
11.388397177343009,7260
8.295484907967442,7261
6.753779062960601,7262
12.917950503882672,7263
10.5956334094783,7264
8.703522512266321,7265
6.798790348977291,7266
65.9999715436324,7267
37.48687657747869,7268
31.440053137659923,7269
35.01320441725044,7270
8.20091666821844,7271
10.049722447408117,7272
6.597087723177924,7273
7.117257430394433,7274
6.557905889217391,7275
3.131945307077772,7276
3.143522024407025,7277
4.397902731062847,7278
28.9415042355535,7279
22.16366458454576,7280
16.306811158987454,7281
12.68760711070241,7282
10.418737835265922,7283
9.703506286265984,7284
9.11697661412218,7285
9.133528424619687,7286
25.74502753684852,7287
15.208945077806794,7288
8.88285887307024,7289
7.043763838368102,7290
5.6109033345778965,7291
5.562180926680358,7292
5.405550770387864,7293
5.3580751502555035,7294
28.864645264134328,7295
16.88831056918702,7296
9.725061483180534,7297
7.221585650729879,7298
5.778128868600539,7299
5.1481503853227535,7300
4.97563822762743,7301
4.8533920842759395,7302
24.885428746521608,7303
13.552070408273595,7304
7.607914827434248,7305
5.385122081828578,7306
4.136779769456633,7307
3.392215793885639,7308
3.2563327052162205,7309
3.188070014821821,7310
21.460371982627038,7311
11.919052207783214,7312
6.174380165091131,7313
4.226611679396737,7314
3.0893054650928833,7315
2.7710629180142012,7316
2.6247024978894054,7317
2.572656809753762,7318
22.727690728570558,7319
13.141833208111917,7320
7.411285758866707,7321
5.471878863347438,7322
4.351380254946246,7323
4.033689441621156,7324
3.8964505140443038,7325
3.809129515030762,7326
21.554588132139727,7327
12.277709403884778,7328
7.199682238321832,7329
4.7298014782056645,7330
3.5770897001062623,7331
3.3537561751471734,7332
3.219251669205914,7333
3.113892166927,7334
27.234684355472,7335
17.76584552586517,7336
9.57305201217882,7337
7.2057691083739215,7338
5.797493765137983,7339
5.05468735116358,7340
5.0145619447887,7341
4.81145425230902,7342
20.90373974167573,7343
11.308531361944786,7344
5.685858367378611,7345
3.7536881720411337,7346
2.6330239799161164,7347
2.3033887607106824,7348
2.1612796599644732,7349
2.0748967895454085,7350
21.11390936994572,7351
11.674075513437401,7352
5.801995794091726,7353
3.9233909956989583,7354
2.7148440498690154,7355
2.402941874246217,7356
2.2889909484351834,7357
2.208214159988091,7358
20.907882599546223,7359
11.264958595597774,7360
5.601783743829441,7361
3.683179026780099,7362
2.56352275990883,7363
2.247059416286006,7364
2.1229741501432353,7365
2.0495536382742903,7366
21.50833738728439,7367
12.19203512373662,7368
6.162698276283632,7369
4.278598723266838,7370
3.0881473370083143,7371
2.7355216414242913,7372
2.614576981210976,7373
2.5318141707011166,7374
20.9270586295228,7375
11.631584089834774,7376
5.888355490095755,7377
3.9057094348599684,7378
2.764477093948735,7379
2.4468976400319753,7380
2.3104508130093944,7381
2.2395875524518916,7382
22.03737209455329,7383
12.137706045507361,7384
5.91904370768363,7385
3.945007351186302,7386
2.768731951921899,7387
2.4571394107059725,7388
2.3151088412861633,7389
2.2437284941405093,7390
21.065432553443582,7391
11.586645700997732,7392
5.822070039129303,7393
3.8862282261378724,7394
2.745808211631047,7395
2.4603305134185938,7396
2.303687448250859,7397
2.233580793854617,7398
22.724629379347913,7399
13.37591281695992,7400
7.236034323767167,7401
5.007525417640665,7402
3.8937381776581232,7403
3.592777401753581,7404
3.5118505471747703,7405
3.4061395201400733,7406
14.466689870594466,7407
47.94889308082071,7408
20.333875500397525,7409
24.471756163982615,7410
11.720343796000563,7411
10.387929029893545,7412
6.940617365864466,7413
22.856053786446477,7414
12.60929963684981,7415
7.15228552866833,7416
5.0871874654915175,7417
4.125040107266878,7418
3.5480635238521505,7419
3.3826768806896435,7420
3.3483608017069435,7421
22.78462040168874,7422
13.274082570474894,7423
7.494737778929117,7424
5.583487580915763,7425
4.443276402914721,7426
4.120072177243936,7427
3.9808824538331296,7428
3.9233257434335305,7429
21.63336701523377,7430
12.058161930954054,7431
6.200582900568841,7432
4.413932685560869,7433
3.443192293285517,7434
2.9713268844894447,7435
2.764512549936391,7436
2.5842221377572088,7437
22.05530951900113,7438
12.517140601592935,7439
6.794830929147154,7440
4.909448830368403,7441
3.766110268955839,7442
3.4316744444279004,7443
3.2872364707889217,7444
3.1939247939384625,7445
22.76700993695359,7446
12.181138862139525,7447
6.369179858276463,7448
4.3528914925386735,7449
2.9401501834421158,7450
2.7003162873619577,7451
2.6951852548433286,7452
2.5738371061106946,7453
28.44957096084981,7454
16.391214938223317,7455
9.16269056867807,7456
6.800652410681857,7457
5.438174580277471,7458
5.082521580838965,7459
4.876776991404984,7460
4.750138380975624,7461
28.44957096084981,7462
16.391214938223317,7463
9.16269056867807,7464
6.800652410681857,7465
5.438174580277471,7466
5.082521580838965,7467
4.876776991404984,7468
4.750138380975624,7469
23.995441884196786,7470
13.632854509532345,7471
8.034462733190495,7472
5.807730949886971,7473
4.636294333444206,7474
4.485461982864622,7475
4.328488952363588,7476
4.304147361210096,7477
2.6401117229783266,7478
3.503837488827951,7479
28.451208315259972,7480
16.60385321308443,7481
9.308298562308511,7482
7.000475622633141,7483
5.013303377474865,7484
4.9513222805911425,7485
4.702145970364421,7486
4.5961635556246145,7487
13.112583458026792,7488
19.919895853044878,7489
10.853883030690637,7490
11.736224157518565,7491
74.72007302060278,7492
57.299826076323924,7493
41.89674305845265,7494
38.86721023619536,7495
102.00101453696786,7496
14.104297693064694,7497
12.7996373618513,7498
10.393724283214887,7499
9.311654768350486,7500
22.06561610863949,7501
12.769271408941131,7502
7.06156651071457,7503
4.9872181082211595,7504
3.8369766320265617,7505
3.558383064013146,7506
3.4509845481869594,7507
3.2803367929492833,7508
4.002069370587777,7509
3.5319179045276616,7510
24.55284128751662,7511
12.576146831794716,7512
7.087868249407132,7513
5.426975528643205,7514
3.843360307300831,7515
3.759468192866401,7516
3.758749692642905,7517
3.7498201359660794,7518
22.35074978766513,7519
11.578800565261883,7520
6.184251686131245,7521
4.832198877068225,7522
3.5751414876977496,7523
3.303688826631722,7524
3.202533881309894,7525
3.0914284911761993,7526
7.63581854236517,7527
13.434209385354938,7528
11.20575227769288,7529
10.350280140847817,7530
8.60261133154083,7531
8.281450942720522,7532
5.083438519413451,7533
2.958740926082878,7534
2.8324516289936277,7535
11.767662426688982,7536
7.260227364694604,7537
6.230112952003207,7538
7.838790314183456,7539
7.4955475695245815,7540
5.080554808741136,7541
4.753157315404337,7542
5.345862061298748,7543
4.977504684539608,7544
4.562398192009329,7545
11.49304737922131,7546
6.886379680526974,7547
15.73069593495319,7548
8.233728919230648,7549
7.161038419832008,7550
3.961000977269304,7551
0.9951132962756215,7552
0.9984555314807443,7553
24.870915134194668,7554
14.689049400756492,7555
8.210182548711417,7556
6.312767311583391,7557
5.062304472295409,7558
4.69504448108424,7559
4.512323925707184,7560
4.419351256146133,7561
44.417150218706674,7562
22.85440850555003,7563
21.3136915860346,7564
13.118789791064373,7565
14.832399623080349,7566
9.694961923704106,7567
8.112716444728516,7568
44.47933272194462,7569
22.868766828614554,7570
21.55968497044582,7571
12.963727290145789,7572
14.652309519985113,7573
9.561458790263188,7574
8.10835150750007,7575
26.83831681764894,7576
17.292150483980528,7577
10.290977971186232,7578
7.051856552665859,7579
5.660703753612816,7580
5.462736340629449,7581
5.2604025044043965,7582
5.157447472495601,7583
22.644826879569994,7584
12.969676847530412,7585
7.086349676258756,7586
5.012760300424915,7587
3.8526448658425108,7588
3.582353595268407,7589
3.485609979537144,7590
3.4149070814168754,7591
21.962885651691654,7592
12.784374251998685,7593
6.8485104565165145,7594
4.838429723692894,7595
3.7939696073472615,7596
3.4753052072671373,7597
3.1784864641441852,7598
3.117852381269634,7599
6.5528436054392,7600
27.20263097202219,7601
15.85347784271268,7602
8.483261608436164,7603
6.202519207141506,7604
4.754142793658515,7605
4.348814527341772,7606
4.136424570370701,7607
3.930840461498163,7608
23.760164378986204,7609
15.314656596078818,7610
7.196949152633408,7611
5.348603531372654,7612
4.67937137859798,7613
4.27877526101373,7614
4.078905061936107,7615
4.009009171843892,7616
21.368964919683595,7617
11.87358840562662,7618
6.36361746998447,7619
4.15361116407994,7620
3.119426787748897,7621
2.986987997820946,7622
2.674459183389241,7623
2.537136486336455,7624
4.643344306504782,7625
44.66722367730242,7626
24.992535008950345,7627
11.75133175997607,7628
4.703594426090332,7629
3.753292553069264,7630
6.2882418338191,7631
6.152641998645536,7632
23.666419953245704,7633
13.207403131615013,7634
7.249139211279074,7635
5.499475909194574,7636
3.8357666266968793,7637
3.831716133273165,7638
3.3414038664512735,7639
3.2559053213752085,7640
9.85161900092186,7641
73.9839001027573,7642
49.10521811460317,7643
23.73872298709286,7644
10.179481245348885,7645
9.241695643201998,7646
16.00377499905858,7647
10.32881753065095,7648
9.125126367555424,7649
8.09876705583143,7650
2.624032973555089,7651
15.268459711568811,7652
18.579064185464354,7653
12.397705637227864,7654
8.259634101127439,7655
64.24814376041192,7656
47.73004873935504,7657
42.948855230174715,7658
23.291974096039233,7659
26.149644099145547,7660
27.363436151413932,7661
23.611357804569646,7662
22.74262695392967,7663
68.8940965748826,7664
38.814902566849284,7665
7.898362749674112,7666
7.8223924793905395,7667
16.11653457624089,7668
10.569550003729171,7669
10.077881820894326,7670
8.732896419127655,7671
98.5317131977636,7672
36.00009670566968,7673
25.49042263965587,7674
15.102606838346256,7675
27.13089844922203,7676
18.135799588573185,7677
10.147775697862256,7678
8.075288499642358,7679
6.8494669656694915,7680
6.514325775993963,7681
6.352470054464873,7682
6.230463774037997,7683
29.290413128399184,7684
17.82529768496218,7685
11.32538117814589,7686
8.721886182417009,7687
6.9947460607532745,7688
6.5810704895939365,7689
6.663961034469222,7690
6.756011019855076,7691
23.587932819294924,7692
14.099462721233065,7693
9.048615249713151,7694
5.943087684207677,7695
4.777436584210718,7696
4.3342366438558235,7697
4.182396874137471,7698
3.9657716601422166,7699
9.184394862541954,7700
24.886265944933324,7701
8.595880447941617,7702
28.163562054930885,7703
16.26705216599365,7704
8.895192044002883,7705
6.665741393090243,7706
5.224634320376968,7707
4.809787835175006,7708
4.573288168838106,7709
4.417031348181974,7710
171.8921571920839,7711
63.8027091878463,7712
41.64209123661031,7713
43.979435356364185,7714
36.072311318586316,7715
41.69276218090935,7716
27.895693965742662,7717
9.618427173610776,7718
6.955538177690769,7719
6.1916823346735255,7720
14.617852128586543,7721
10.258920333365207,7722
6.896509143307252,7723
6.158048767029518,7724
9.620896437833697,7725
8.348803547105291,7726
9.095053586536446,7727
10.691713799610396,7728
9.404284945649728,7729
7.27873367920881,7730
38.642182448420165,7731
13.623733602919977,7732
11.925106377484594,7733
9.722141942441166,7734
7.321830767945238,7735
6.358701501602392,7736
26.523586189161467,7737
13.878468780995172,7738
10.893220901762781,7739
8.895171135124922,7740
7.999111116673301,7741
7.782939953618584,7742
26.780783731433655,7743
7.374244877772426,7744
3.6882965632802245,7745
1.7821481319419408,7746
30.201904576920874,7747
20.437085106842666,7748
9.728179348798127,7749
7.609903632543999,7750
4.5445450111266155,7751
5.127007606736617,7752
5.19120450960836,7753
4.090506746744696,7754
28.82706790968857,7755
34.14915579583423,7756
3.114826233806505,7757
4.755861749767605,7758
4.385355269158762,7759
8.403236441915217,7760
6.977239603991448,7761
5.265010275277042,7762
43.42141720406498,7763
15.412459801847232,7764
10.44575892879324,7765
5.346672357132757,7766
4.394851885455331,7767
34.6540008296915,7768
15.640182289149307,7769
11.126778915370183,7770
9.92400726973123,7771
6.128660842052861,7772
6.3712734250454055,7773
10.751200433496056,7774
10.052382454865269,7775
6.996749269180528,7776
6.859151960656669,7777
9.01369676305514,7778
19.483713958430968,7779
28.418965088188603,7780
21.72709934534593,7781
102.34842202940418,7782
4.646227557372911,7783
28.888269590900205,7784
16.97206243812038,7785
10.049971729715494,7786
7.597214820059461,7787
5.889576627155794,7788
5.471350948365955,7789
5.435592094222996,7790
5.345524328174015,7791
21.19528192162556,7792
11.961925605062019,7793
6.190538627125649,7794
4.334483674101191,7795
3.1544763821556523,7796
2.7414556246474167,7797
2.531102345230769,7798
2.477328952412358,7799
23.430307945837733,7800
12.706203217506078,7801
6.631495438423754,7802
4.696652874005197,7803
3.384534079831696,7804
3.2268236243511796,7805
3.1620114972535758,7806
3.0682505445315282,7807
27.967388384293482,7808
15.736212152173161,7809
8.271346455893484,7810
6.4851455375229135,7811
4.6394052581574705,7812
4.359766968641391,7813
4.202590001040266,7814
4.274342981622952,7815
28.30179748702353,7816
16.292089720725567,7817
9.318987782909055,7818
6.955176076158675,7819
5.531660023230755,7820
5.123301239135519,7821
4.934650076916222,7822
4.823968977975326,7823
29.567296311837342,7824
17.125216162088684,7825
10.502799870343884,7826
8.122603922540645,7827
6.740962797924598,7828
6.332462936000987,7829
6.145746430697563,7830
6.031931843652945,7831
29.567296311837342,7832
17.125216162088684,7833
10.503040415754942,7834
8.053881444108825,7835
6.715664100995969,7836
6.307481614872482,7837
6.117347519743065,7838
6.0316345394885795,7839
28.49711432170503,7840
17.92259389008802,7841
10.577277125514907,7842
9.129352123631374,7843
7.347728610540382,7844
6.815915229828373,7845
6.40682660523257,7846
6.1200992533116185,7847
22.270971024852663,7848
8.921519465020078,7849
9.475724136350065,7850
41.96714130899055,7851
15.284530978948709,7852
27.726894287190966,7853
19.105527693850593,7854
11.24954512887307,7855
10.952600558772515,7856
7.958899091331785,7857
7.28205299526269,7858
7.072456400892129,7859
6.965799537012714,7860
46.058615908039044,7861
33.95345129294706,7862
22.585100935219998,7863
13.720774983054971,7864
10.086945724500202,7865
7.371447081212913,7866
7.12188768759661,7867
6.8786588457116,7868
26.29203990217646,7869
14.428612287606283,7870
8.233256050328158,7871
6.1444094449921,7872
4.778394530691288,7873
4.400563233997472,7874
25.356825678435683,7875
15.31173163659771,7876
9.170535406731107,7877
6.051834109937931,7878
4.895829944387483,7879
4.400927254207243,7880
19.59564743854146,7881
8.640461969410662,7882
7.160589382869715,7883
10.7141494289879,7884
20.70123850931574,7885
69.63433791246368,7886
43.59001316591927,7887
43.22105467226146,7888
26.27431215419981,7889
1.6676172768041024,7890
33.62051384886551,7891
5.2303384411622975,7892
22.39747304806143,7893
13.229349581550647,7894
7.180554687425237,7895
5.291382212749316,7896
4.107889599480205,7897
3.9428098587067546,7898
3.766462295232416,7899
3.663344291975707,7900
19.891313839314044,7901
12.897143273326396,7902
6.18509014986795,7903
6.632960012275333,7904
3.0899992750010905,7905
2.8914561307058317,7906
2.756083068645742,7907
4.913081341263183,7908
7.483914896857064,7909
7.327493339308396,7910
7.256864441547566,7911
18.14331771007167,7912
15.555003910661773,7913
8.531076531830665,7914
8.633965014107071,7915
2.989972933304494,7916
14.197296700059365,7917
10.651317202004597,7918
9.335913551871487,7919
9.782962813366296,7920
18.210424953514813,7921
11.722489953862908,7922
14.340041363096999,7923
9.349814241581624,7924
10.864439152119456,7925
38.32561120036805,7926
12.807618407306574,7927
7.63227506051572,7928
7.586176997906003,7929
2.3676874216059236,7930
11.163167315051965,7931
13.02057591239527,7932
11.58423659654972,7933
9.895623460068098,7934
9.160617292630695,7935
25.32432254251196,7936
14.695116737766996,7937
8.282308112522264,7938
7.021940873142895,7939
5.411323796647084,7940
5.041129893418411,7941
4.586692565510433,7942
4.623866183319914,7943
25.599799934659845,7944
14.11866060349701,7945
7.858808301791162,7946
6.261691080673331,7947
4.693244510168511,7948
4.544751243115607,7949
4.234460270576235,7950
4.104555585472591,7951
232.45246322573172,7952
93.52376265339018,7953
55.749995986348075,7954
45.017933797349635,7955
39.37052593473802,7956
7.386549108723905,7957
16.053289058238693,7958
14.372151627622777,7959
12.345978745898895,7960
11.829394318535435,7961
22.470876393206087,7962
12.746226808259005,7963
7.113551471042736,7964
5.146660271184352,7965
4.070308887070395,7966
3.7176973018706363,7967
3.749647146935331,7968
3.6464058721776924,7969
21.842620839250657,7970
12.334076454977474,7971
6.4990935634433304,7972
4.652770583664671,7973
3.5258830083553874,7974
3.1727254705745693,7975
3.0870141762413428,7976
2.9862433998982265,7977
21.834285606988722,7978
12.292469645356917,7979
6.487713178924846,7980
4.604069235215826,7981
3.477160251053659,7982
3.1733989164126095,7983
3.0486512379422743,7984
2.9467163573499273,7985
21.901055615897064,7986
12.391625633489117,7987
6.564793359280419,7988
4.679910873209496,7989
3.541205317831028,7990
3.2303041418376206,7991
3.096101723448694,7992
3.0144166419554135,7993
21.887921418658127,7994
12.336771046601696,7995
6.540985500002054,7996
4.678632978825417,7997
3.5246202826250883,7998
3.221427609643121,7999
3.0904487942351953,8000
3.0065347830555775,8001
21.610573416320637,8002
12.034200607945662,8003
6.310549884566376,8004
4.428788897817543,8005
3.2528914399507496,8006
2.9358867266486754,8007
2.7910818998324523,8008
2.7037363676195985,8009
22.5638500521787,8010
5.6792758144911675,8011
2.213968213177356,8012
10.061222379534248,8013
11.959897687827464,8014
4.718541824555967,8015
22.455324084725685,8016
12.894917641299406,8017
7.146951757390823,8018
5.173522604236957,8019
4.086945094871236,8020
3.7702666046667015,8021
3.6271894555221174,8022
3.544477814036633,8023
21.442417091598852,8024
11.880473445945087,8025
6.159396065829982,8026
4.216194227737418,8027
3.1062230030762277,8028
2.7621231345599835,8029
2.63798012868432,8030
2.5555062198260763,8031
21.134659159022167,8032
11.608641455730295,8033
5.881446657115934,8034
3.952082742419989,8035
2.816866609185212,8036
2.529880637443613,8037
2.3636260152732085,8038
2.284341367542694,8039
19.92373177526776,8040
5.64428189526148,8041
1.9196518014450814,8042
21.444310404613702,8043
11.865309912212819,8044
6.12620807006334,8045
4.214401485533875,8046
3.0659550967314315,8047
2.751852452713275,8048
2.609069991701441,8049
2.5261801491775686,8050
22.740388736970978,8051
12.892957621409519,8052
6.919948135342484,8053
4.767852022609835,8054
3.7942038898255084,8055
3.6579225393040056,8056
3.562688007709017,8057
3.503570677727344,8058
21.747714206796164,8059
12.799003157939019,8060
6.467196275746045,8061
4.631543086449874,8062
3.524447834293273,8063
3.139743491100014,8064
2.9733747961060133,8065
2.8596750723999738,8066
25.814356122011656,8067
15.336973436788977,8068
9.69794377068682,8069
5.968285071314094,8070
4.528968724931893,8071
4.235272434098792,8072
4.043204360865375,8073
3.8988549509501094,8074
15.729057627231647,8075
18.081965385229857,8076
4.632983425057068,8077
1.662026476026223,8078
8.83385589483554,8079
29.58548901219126,8080
18.46737886188656,8081
10.545064970308138,8082
8.291893041542146,8083
6.846047137753399,8084
6.575028627996585,8085
6.4874604019522435,8086
6.399951894778482,8087
33.5201041791913,8088
29.267352533268337,8089
22.530226453723966,8090
13.156185031976031,8091
7.213718474223767,8092
5.118918969477276,8093
4.13650987887653,8094
3.8121668100731982,8095
3.630771463508119,8096
3.543956748048906,8097
2.178520907803299,8098
1.381988403638816,8099
1.5534322496221469,8100
21.62080542736912,8101
12.071443620778702,8102
6.328135205979972,8103
4.430714813998184,8104
3.2831456314097536,8105
3.0212374932335218,8106
2.857193875263899,8107
2.776426290170071,8108
15.603669645433248,8109
12.383661958417694,8110
12.782046295888593,8111
1.8064275660463858,8112
6.598736539497563,8113
22.207950032969535,8114
12.657168522536471,8115
6.9134844379099984,8116
5.000719269986844,8117
3.8547787442613997,8118
3.5360923186819453,8119
3.397035384396292,8120
3.3105991424120758,8121
22.207950032969535,8122
12.657168522536471,8123
6.9134844379099984,8124
5.000719269986844,8125
3.8547787442613997,8126
3.5360923186819453,8127
3.397035384396292,8128
3.3105991424120758,8129
29.24005158034404,8130
16.140125782449193,8131
9.527969186396097,8132
7.216400616181122,8133
5.727163551727753,8134
5.387460493246671,8135
5.235124181430996,8136
5.151570810218666,8137
27.880887850920782,8138
15.680635359827633,8139
9.120829754365127,8140
6.805413209347328,8141
5.30073952884045,8142
4.751648161457893,8143
4.658376624580268,8144
4.562173731663053,8145
14.713074724460963,8146
12.076385184435312,8147
9.67665375557663,8148
10.034215109686786,8149
4.198784381915606,8150
4.658212440272729,8151
40.146295188819316,8152
21.324368059679657,8153
11.820819126993634,8154
6.055312730179037,8155
4.128569229677027,8156
2.982324509570119,8157
2.6662521065354876,8158
2.523424701394648,8159
2.4397325897269044,8160
21.95578311977157,8161
12.279242308772282,8162
6.512899939621523,8163
4.690068809302768,8164
3.515265327590641,8165
3.188450156907849,8166
3.00479732396121,8167
2.973989790835881,8168
21.766648892407616,8169
12.204646743891196,8170
6.49190384292362,8171
4.582220620440168,8172
3.425297771130111,8173
3.105638401497603,8174
2.954749351531582,8175
2.9050868562107266,8176
28.315860185064185,8177
16.55184787714838,8178
9.43790910847738,8179
7.059001421814375,8180
5.615112658120086,8181
5.226821767627379,8182
5.047018003736885,8183
4.933267011628844,8184
38.824575614591986,8185
32.433839435346066,8186
40.31559702378066,8187
10.808056362228843,8188
13.289993384546342,8189
15.022956413345169,8190
16.81072812723489,8191
12.902694483408936,8192
3.244549451968218,8193
5.422184113338964,8194
5.368842826886868,8195
25.9599361384845,8196
21.225203938268596,8197
12.121556900233402,8198
11.555424011527203,8199
11.013933560073754,8200
10.741441218156679,8201
29.13651585083607,8202
17.992093376251834,8203
10.5955921581943,8204
8.285514402642498,8205
6.851199847645247,8206
6.717311672835965,8207
6.3258570010519595,8208
6.14199985204267,8209
29.121767579452357,8210
17.97437986611849,8211
10.584976207232907,8212
8.304364204180743,8213
6.857910117832518,8214
6.720586334995633,8215
6.338764326660084,8216
6.145163522695993,8217
2.727243152593947,8218
4.958999945646428,8219
19.48029966458196,8220
12.727760351739937,8221
9.84433336084357,8222
10.50895131778216,8223
7.1164536505450355,8224
3.5945380217312297,8225
38.029377558304994,8226
29.176186196429175,8227
24.24085652053296,8228
22.077654873053348,8229
20.663418792926258,8230
19.96860938320936,8231
18.988533406159927,8232
19.458398766610358,8233
26.67298723288471,8234
15.63377575180087,8235
8.969034865194724,8236
6.481669089931496,8237
4.825243368636823,8238
4.332631683889587,8239
4.143230446572203,8240
4.017311143777295,8241
10.309956251060951,8242
17.615489536894373,8243
28.10718691021223,8244
16.08688113363791,8245
9.06445115447185,8246
6.786691563010173,8247
4.833613173947665,8248
4.718726781261801,8249
4.393760469155214,8250
4.386428189919912,8251
7.851324047775301,8252
10.372129493724717,8253
80.22432199784679,8254
239.23960498071898,8255
160.6186627660161,8256
28.32923784762558,8257
16.54622243733039,8258
9.430360550266863,8259
7.056904806605892,8260
5.612763557676435,8261
5.227383260337683,8262
5.042808200277539,8263
4.92290205634019,8264
4.094721937085379,8265
4.887113155204792,8266
3.4069548001501806,8267
2.1175704518077296,8268
2.1815401444579856,8269
4.13349056817116,8270
4.212656486888881,8271
10.93012762096653,8272
22.093021366869323,8273
14.345199517344929,8274
13.918272105232358,8275
12.075484716276087,8276
6.742721456051189,8277
18.13068793231489,8278
10.962624764373336,8279
9.560098976704001,8280
8.408940432659744,8281
27.583676411624076,8282
17.294297828461172,8283
10.312343510728004,8284
8.48831241239869,8285
7.0758403313271305,8286
6.398799668167163,8287
6.257174860570513,8288
6.0946276468156855,8289
33.36917978354678,8290
25.9928007448302,8291
16.890603077127988,8292
13.532087557588014,8293
10.792304554044398,8294
11.731680543221975,8295
12.449191889440769,8296
13.415616283179437,8297
30.46587711684051,8298
16.96613412378618,8299
14.220624623132291,8300
14.328282258775682,8301
21.265525275826352,8302
11.718356326931254,8303
5.993766393948617,8304
4.068483661763532,8305
2.923427151414873,8306
2.6270910087220076,8307
2.4840031370685245,8308
2.3884472289966965,8309
20.635356725780433,8310
11.042295025838543,8311
5.304875165783021,8312
3.4162821704975848,8313
2.2685053712744176,8314
1.9445510055873805,8315
1.7943312876623014,8316
1.7111762714224121,8317
23.571642893757158,8318
12.293151898987492,8319
6.769768557986207,8320
4.423355483668322,8321
3.295625198190426,8322
2.9717024621233237,8323
2.860132059780342,8324
2.7790615242294954,8325
21.53200626568561,8326
11.92855460369372,8327
6.122010368608034,8328
4.345299174447213,8329
3.200098990768349,8330
2.8487230333324733,8331
2.685019819086444,8332
2.6445627598344656,8333
16.836204030516903,8334
12.066781044304669,8335
6.08690411190153,8336
3.4982764095929637,8337
2.343993009382725,8338
2.1824286303757034,8339
2.0302995572521887,8340
2.3960989375176496,8341
2.093460023485169,8342
1.887728434971972,8343
1.8782978799775905,8344
21.428764791141788,8345
12.060669375933815,8346
6.018754187761696,8347
4.121481598445072,8348
2.9510396632709406,8349
2.609329044606417,8350
2.477995547023775,8351
2.410604777038009,8352
21.104636635605736,8353
11.610031087677491,8354
5.811203851430266,8355
3.3690976222162874,8356
2.4826024662546793,8357
2.2382541741092883,8358
2.0033948650708786,8359
1.9253505143328102,8360
22.824238110098023,8361
12.87278384130436,8362
6.039490690306245,8363
3.4388179755515362,8364
2.5489544667095005,8365
2.2624549738842203,8366
2.0014490671054284,8367
1.935221308373026,8368
20.55384190313818,8369
11.056820764967272,8370
5.324978160740824,8371
3.4506977043543903,8372
2.2995564311597367,8373
1.9168518508068488,8374
1.7709226686691393,8375
4.265133038781019,8376
6.305445690154442,8377
15.621188407212586,8378
22.36867096626234,8379
13.30481009754451,8380
7.048969900797426,8381
4.92363976953969,8382
3.9930720916761255,8383
3.468527110855235,8384
3.4183080404036192,8385
3.3604986186530734,8386
22.73728609542357,8387
12.808836118643931,8388
7.331699649016114,8389
4.773377418669797,8390
3.737264776675671,8391
3.3990704319155975,8392
3.1937082688466334,8393
3.171137055593262,8394
21.27652413187913,8395
11.858347843541313,8396
6.219646038414031,8397
4.293584435983068,8398
3.193534858051198,8399
2.8549078039793305,8400
2.762107123002643,8401
2.6794573968800526,8402
21.10211859731553,8403
11.557461008198,8404
5.845024987554238,8405
3.96712174094363,8406
2.7602992956664814,8407
2.4622444733112543,8408
2.3740472597571727,8409
2.227341892264213,8410
12.348697437238835,8411
1.6761766079738731,8412
20.800415411185217,8413
11.260392224453252,8414
5.69213420900746,8415
3.582853545114717,8416
2.480450590336946,8417
2.145794307160711,8418
2.0393034817389757,8419
1.9103109086040222,8420
6.308136548140644,8421
20.663809909177125,8422
12.040015273876264,8423
5.995323692575896,8424
4.151659936484089,8425
2.9562713161268377,8426
2.611483247740301,8427
2.4083911513647065,8428
2.2721098072627686,8429
29.96201001996285,8430
12.188167454737092,8431
6.896123531249249,8432
5.73874386300463,8433
4.106775131669302,8434
3.221155012987564,8435
3.20927310627436,8436
3.2464168356098417,8437
21.67379839422478,8438
11.658693286352118,8439
6.15221769394461,8440
4.1639012000683415,8441
2.7332774136328863,8442
2.3683770812196117,8443
2.339808580633026,8444
32.47886762679286,8445
31.87528780915627,8446
17.884969500380944,8447
1.897805172265862,8448
2.015988963981102,8449
8.427929714842788,8450
8.479351698929056,8451
4.279655936273988,8452
26.35024543691063,8453
6.928677932126854,8454
4.840185942639238,8455
20.97206794461555,8456
12.114827858296584,8457
7.243463209254351,8458
5.404426578433135,8459
4.187503419480439,8460
3.8115812589858145,8461
3.281250948428799,8462
3.1692703131850353,8463
20.726893565098706,8464
10.995224183361021,8465
6.628413644720583,8466
4.946154433692919,8467
3.9359544704376974,8468
3.7307957074097637,8469
3.416862888799636,8470
3.3393250950412305,8471
5.778856297904286,8472
6.089903679028798,8473
5.31126677034175,8474
6.089903679028798,8475
19.407452070029294,8476
11.029097289744373,8477
6.561506514880003,8478
4.686268235941677,8479
3.6923559254091973,8480
3.3208464768547006,8481
3.087644728916867,8482
2.993306316858329,8483
5.31126677034175,8484
5.31126677034175,8485
5.778856297904286,8486
22.878305408623458,8487
12.503834991801929,8488
6.697855226153866,8489
4.567527502723275,8490
3.838218886767277,8491
3.2849007060018818,8492
2.9917273038860643,8493
2.8842212697864333,8494
16.75089308954628,8495
12.420782716813086,8496
9.419811767137322,8497
9.68181172023809,8498
11.053491432119825,8499
10.513844107550838,8500
9.421784225185453,8501
6.5299070278094895,8502
13.811764602912215,8503
12.695726638359293,8504
21.354592262049984,8505
11.978175709757133,8506
6.071235252927593,8507
4.133567140715856,8508
2.9968188277446863,8509
2.667224950688502,8510
2.543275468422306,8511
2.4664075551705036,8512
21.378466572573217,8513
11.804388045801165,8514
6.066583866183326,8515
4.153759664289291,8516
3.004251943244455,8517
2.690270001205707,8518
2.5484532441977605,8519
2.4647752440022113,8520
81.38837701203863,8521
61.59840704705053,8522
43.52192375217545,8523
13.054032458338474,8524
13.315214213779985,8525
48.685499193604976,8526
40.05468673840416,8527
54.003741151826574,8528
55.07155275694629,8529
55.3580430913417,8530
5.8677666578666985,8531
5.375591783571215,8532
20.07496663284036,8533
9.936288117755291,8534
28.565660018922163,8535
16.64593314779986,8536
9.611750038815108,8537
7.1413575190078475,8538
5.821723059784952,8539
5.4455440828865855,8540
5.275540914841351,8541
5.179380382179769,8542
26.898752850431116,8543
16.052249215318035,8544
9.242609412514,8545
6.984031078722914,8546
5.313981451609897,8547
4.862702118376044,8548
4.7531189926627615,8549
4.583342568573683,8550
14.234710061763415,8551
14.623187740923086,8552
4.35963795591098,8553
22.03522160190555,8554
12.785776590488071,8555
6.799741629800303,8556
4.848014877090869,8557
3.654319104163266,8558
3.3036395299671213,8559
3.2046487028246293,8560
3.1074546088585104,8561
11.048716873355712,8562
21.849867721516908,8563
17.73194077296942,8564
9.734886426272897,8565
26.984029912401702,8566
17.046241570169684,8567
11.228392823754554,8568
8.67648489219362,8569
6.9622095027663,8570
6.747307966883085,8571
6.660676053272243,8572
6.349520708778472,8573
29.115187349757225,8574
18.28389096503667,8575
11.894222695638328,8576
8.798480485936434,8577
7.060019259938035,8578
6.373446234303916,8579
6.464849692217497,8580
6.1267977207785504,8581
26.295327751124386,8582
15.953124570793692,8583
10.79010731321549,8584
7.930599618854134,8585
6.915338555743988,8586
6.420327630684434,8587
6.160888023983288,8588
6.120590809248729,8589
6.54016548474853,8590
2.6325998697332085,8591
5.297329949372695,8592
3.739324499323321,8593
3.0030192650322496,8594
2.299589545922693,8595
2.1379877795102016,8596
18.889290822341437,8597
8.63943426002025,8598
21.52856162657322,8599
11.98261629005231,8600
6.258151692444726,8601
4.3879809364797016,8602
3.249921941327515,8603
2.9184384110766164,8604
2.7941508798007133,8605
2.717441212343394,8606
21.790135380840354,8607
12.263869024141053,8608
6.5005748590826995,8609
4.577567671605803,8610
3.395405334643949,8611
3.1202419150276395,8612
2.9753829189440864,8613
2.897656173334248,8614
21.720417822416888,8615
12.14779627015903,8616
6.4221377253618845,8617
4.49014374545898,8618
3.3776106184600736,8619
3.1068417467576226,8620
2.9222154632040436,8621
2.833897683329828,8622
21.160062138875947,8623
11.608261538986323,8624
5.881316730643541,8625
4.018217234819424,8626
2.823396454639493,8627
2.52243286008677,8628
2.375233865825733,8629
2.297659216661739,8630
20.68350615692122,8631
11.460207742390477,8632
5.639799705644415,8633
3.7272255343213145,8634
2.505398456082492,8635
2.212239581496084,8636
2.041331875856136,8637
1.9699138415420443,8638
22.649584347909574,8639
12.782960801197982,8640
7.055866153460201,8641
4.728155162493178,8642
3.6563331554211254,8643
3.534460211065289,8644
3.2774635077374747,8645
3.470757356968531,8646
20.67949567878276,8647
11.463573643475678,8648
5.639924680680593,8649
3.7288141940097987,8650
2.5076582988130784,8651
2.220398845979521,8652
2.050164917993042,8653
1.9826363341358464,8654
10.726330247176277,8655
3.780920596459096,8656
3.6953558878440265,8657
31.848546148741498,8658
31.30040794860447,8659
19.27423876002756,8660
27.855003098480587,8661
15.274785293165626,8662
8.375603242169213,8663
5.825525982960108,8664
4.169662787395952,8665
3.69055577225691,8666
3.5006086746186527,8667
3.4938470791912124,8668
3.781783644081684,8669
4.454031951579346,8670
47.0879786620791,8671
49.36664835010595,8672
24.239700900070222,8673
15.105124258049345,8674
9.3433672198779,8675
6.548073353245162,8676
5.476227230699817,8677
4.953786187582791,8678
4.891176456472615,8679
4.889167433966636,8680
28.503315352400254,8681
16.397856049013466,8682
9.98426533057102,8683
7.780544255974294,8684
6.606235421234074,8685
5.9911597934805325,8686
5.804060962772279,8687
5.68754510181674,8688
22.353064555487926,8689
13.737890036122472,8690
7.194969349373414,8691
4.98287846477468,8692
4.0035842422449495,8693
3.7733792387109064,8694
3.6673533045564835,8695
3.5285017330194144,8696
22.353064555487926,8697
13.737890036122472,8698
7.194969349373414,8699
4.98287846477468,8700
4.0035842422449495,8701
3.7733792387109064,8702
3.6673533045564835,8703
3.5285017330194144,8704
8.762735185194211,8705
14.004806837897586,8706
8.468454285752468,8707
7.819369947662251,8708
7.651099302367181,8709
11.931143694048687,8710
8.704652336322448,8711
8.128826951053576,8712
8.236736937953191,8713
3.869415397517557,8714
1.7457887215318,8715
13.887023948270574,8716
11.322092739874304,8717
7.107579990843096,8718
6.710132304382064,8719
4.70250762604766,8720
19.303187424018628,8721
17.76294012048161,8722
23.157390649999346,8723
28.536547876914625,8724
16.42374286080008,8725
9.657794291671703,8726
7.0575390505626245,8727
5.760959518049967,8728
5.101488308661318,8729
5.245108578934524,8730
5.173385490913915,8731
22.98463070392644,8732
12.07617737556024,8733
6.171023186237665,8734
4.426129714681103,8735
3.0601321461070716,8736
3.0555547551989375,8737
2.6356252326338447,8738
2.5260510838175496,8739
7.224025771858914,8740
22.158643335994718,8741
12.534276694552764,8742
6.868375261471151,8743
4.881682690301299,8744
3.8179942136913327,8745
3.489631023577322,8746
3.3273705020642397,8747
3.2095256406397334,8748
22.2138880363027,8749
12.936126439272156,8750
7.027569510945952,8751
4.8867055860849975,8752
3.8583990721089108,8753
3.468147606954662,8754
3.327329707654922,8755
3.19668840520486,8756
22.069110380439074,8757
12.850103820940209,8758
6.867468360280699,8759
4.881004773341773,8760
3.8172815102721707,8761
3.488966893393814,8762
3.327152801554125,8763
3.2089080023024854,8764
40.35702085112635,8765
49.132404463997666,8766
26.1552274538449,8767
15.269670267684525,8768
8.911571110827078,8769
6.4701520667559995,8770
5.391448023184724,8771
5.070201468436343,8772
4.9565703313786615,8773
4.799868775167077,8774
2.6118646350135295,8775
10.742729807415841,8776
3.556231054739203,8777
21.43819901214389,8778
11.843816405923999,8779
6.122660769194827,8780
4.175813920829487,8781
3.0617222595862916,8782
2.7030782360127623,8783
2.5219204552018426,8784
2.4485114587998478,8785
21.43819901214389,8786
11.843816405923999,8787
6.122660769194827,8788
4.175813920829487,8789
3.0617222595862916,8790
2.7030782360127623,8791
2.5219204552018426,8792
2.4485114587998478,8793
23.636312940814,8794
13.533864273047268,8795
7.208821726879605,8796
5.558473430937221,8797
3.908121663429626,8798
3.541212401722091,8799
3.4129845779253762,8800
3.243140199819278,8801
21.84562733615576,8802
12.672382274391262,8803
6.517345475179768,8804
4.474988758722855,8805
3.3563982269412675,8806
3.088883710769072,8807
2.910547672368231,8808
2.8488860411805863,8809
24.509418572536816,8810
14.689274270830904,8811
8.196793446937017,8812
5.658850394940663,8813
4.443657987373221,8814
4.157857441253888,8815
4.040242647183793,8816
3.9541513837717512,8817
26.409296501420236,8818
15.289560665986546,8819
9.151028952842669,8820
6.456614503765798,8821
5.359257146498533,8822
4.908492378875402,8823
4.813047981756473,8824
4.724228859284265,8825
47.181084118681355,8826
17.83834932862878,8827
16.85260427891103,8828
5.801654225567424,8829
7.152950380439834,8830
12.094852593827218,8831
10.78881636212624,8832
6.539991340117652,8833
5.120389928515886,8834
32.425597507595775,8835
22.609211695136327,8836
14.31389455897714,8837
7.041738028854987,8838
4.875715339233277,8839
3.624160569513904,8840
3.5337343225834696,8841
3.260942281275052,8842
3.214804973621257,8843
8.039799727626985,8844
6.842857498140263,8845
4.143985887894839,8846
31.439617518357945,8847
6.7980376156835565,8848
2.666588024138266,8849
7.940610673787866,8850
9.047380615931008,8851
5.187683734156505,8852
4.500934624773187,8853
7.32881190013971,8854
18.570971289157924,8855
5.464556342611151,8856
1.6656675597848016,8857
21.404078829828244,8858
11.832566583275442,8859
6.092737454653056,8860
4.1798879059456695,8861
3.0418145814617956,8862
2.71610002124182,8863
2.576076086063387,8864
2.491977126410098,8865
21.41360777180946,8866
11.846386625126776,8867
6.116772408137581,8868
4.192932063509863,8869
3.0737053858937027,8870
2.7496979562778976,8871
2.586842141503893,8872
2.5081928179604627,8873
20.629521028337212,8874
11.029446922044821,8875
5.298819113725949,8876
3.381863971801268,8877
2.2327005252825396,8878
1.9185827567222609,8879
1.778211455263079,8880
1.6808986865367144,8881
21.303863403008247,8882
11.737512322875592,8883
5.99871948218144,8884
4.083088304940275,8885
2.9378928301530873,8886
2.621639418473508,8887
2.482619038123696,8888
2.395377926777761,8889
20.561425697450094,8890
10.997482657342127,8891
5.2581317754239665,8892
3.345831661915992,8893
2.1977475741254255,8894
1.8832001672864689,8895
1.741638930309704,8896
1.6580484188300397,8897
32.63093802481522,8898
8.37968148806408,8899
3.120509676287024,8900
4.197102910506082,8901
28.523039701863848,8902
16.210875275640653,8903
9.493010527497521,8904
6.560846542804876,8905
5.13172090040153,8906
4.864884058222918,8907
4.839528118916714,8908
4.654187991107618,8909
4.094346878091762,8910
4.096844306889745,8911
3.120938515994173,8912
3.0302683146994998,8913
3.852909394768707,8914
7.127275039750827,8915
1.5937055005325438,8916
1.229268576154778,8917
5.060232150762914,8918
2.5900848838137867,8919
19.67162044527488,8920
26.390546622245868,8921
15.737678263925243,8922
9.165066956895835,8923
6.4611781630046154,8924
5.158810768960452,8925
4.705288024353519,8926
4.69488091330564,8927
4.5089319766137965,8928
27.89070099302287,8929
15.801947906505616,8930
8.679482116589805,8931
6.149779496932329,8932
4.95271134968395,8933
4.6733798046963555,8934
4.451326087659236,8935
4.351107821062087,8936
27.109904852838355,8937
16.6623554022656,8938
8.9100538143757,8939
6.324263972242797,8940
4.841771881447328,8941
4.419325913365399,8942
4.448855667851577,8943
4.365866829137114,8944
134.17657682704865,8945
85.34408184768598,8946
82.51064563777074,8947
62.98123642092536,8948
9.415100236202719,8949
5.371062609702436,8950
4.809693520153817,8951
9.09560603246451,8952
21.508219152452032,8953
11.943073309060825,8954
6.204251556001401,8955
4.2927762287342635,8956
3.143726757726149,8957
2.829376118071796,8958
2.6875194999111187,8959
2.5977816427855904,8960
21.500176636022456,8961
11.93489993485108,8962
6.19797533683289,8963
4.283983460731963,8964
3.1365078680289886,8965
2.8238615815273094,8966
2.6791345438930647,8967
2.590989046144625,8968
20.620651712627957,8969
11.055887567946211,8970
5.319450340053489,8971
3.405121150383874,8972
2.2576010965074294,8973
1.9420610856608929,8974
1.7982133096442052,8975
1.7219124783290183,8976
27.049140334779494,8977
15.386008951705156,8978
8.345981439397203,8979
6.3466346453682165,8980
5.1246989780176015,8981
4.686578195628726,8982
4.472547852015866,8983
4.3802216626542565,8984
5.5501993512030685,8985
5.787849296361383,8986
4.9624859618985395,8987
13.357156321592429,8988
1.8375331825857941,8989
2.3810586069112305,8990
18.076387734343502,8991
5.927458714688338,8992
26.605817779011794,8993
17.13190739832894,8994
10.42622742817674,8995
9.38884605615087,8996
7.286025354646216,8997
6.426200594073009,8998
6.132360644972885,8999
6.027761508497157,9000
48.953065820967495,9001
21.241065578561937,9002
11.67582182711315,9003
5.936867584226298,9004
4.022613859522455,9005
2.8767964073658225,9006
2.55017751240361,9007
2.4201250274917165,9008
2.334407736151829,9009
9.870129053096658,9010
25.93458347829463,9011
21.9849254866564,9012
12.471043133511929,9013
6.724662880452712,9014
4.761839829551821,9015
3.644435292621103,9016
3.331588780155767,9017
3.1895207457094026,9018
3.112593363854438,9019
22.406247797959676,9020
12.734544894220258,9021
7.0697291793340264,9022
5.147973756849436,9023
3.9824945702462213,9024
3.677098258668082,9025
3.54285306075888,9026
3.479205610509999,9027
22.406352215550335,9028
12.830158818733432,9029
7.093876012345035,9030
5.180191405838249,9031
4.034123221048632,9032
3.716864661928725,9033
3.577990271567497,9034
3.4763502262068076,9035
22.02677812496424,9036
12.527069933493436,9037
6.7993428126614806,9038
4.856718197553152,9039
3.654679043162497,9040
3.3741523094862287,9041
3.22615686071636,9042
3.1473951188076055,9043
22.016882204809363,9044
12.4420150363019,9045
6.809052157887732,9046
4.867423356350261,9047
3.7151904764505943,9048
3.4014307001028024,9049
3.2496886049264964,9050
3.167097471887159,9051
21.113289633973213,9052
11.687228657904098,9053
5.822028211478104,9054
3.924443417420483,9055
2.7108793284698716,9056
2.4051964354139086,9057
2.289199290411047,9058
2.2110572599264375,9059
21.113289633973213,9060
11.687228657904098,9061
5.822028211478104,9062
3.924443417420483,9063
2.7108793284698716,9064
2.4051964354139086,9065
2.289199290411047,9066
2.2110572599264375,9067
8.631820073481036,9068
72.16976961815661,9069
21.92293626092734,9070
15.104761113957185,9071
8.812369446929859,9072
13.401853694154077,9073
12.53481614818644,9074
10.039523024149775,9075
8.662594257140825,9076
14.445262777546649,9077
3.6124579414451126,9078
18.57643798402415,9079
18.132748978818352,9080
8.792718575467921,9081
8.87161562781122,9082
25.653672748279813,9083
14.986793154884188,9084
9.243836367801281,9085
8.562602949711705,9086
6.9534340535142025,9087
6.439889533998023,9088
6.31308733810978,9089
6.251374762191216,9090
25.50896114792473,9091
17.078443541434662,9092
10.252777139485609,9093
8.001970769839103,9094
7.563059350425655,9095
6.963222982950772,9096
6.805337994196733,9097
6.664868794992272,9098
21.374768963830164,9099
18.76576110998947,9100
29.156763518957604,9101
17.260662323836712,9102
10.111459665267255,9103
7.776160703316042,9104
6.35459828242422,9105
5.941324452450254,9106
5.751590590230757,9107
5.640596177966911,9108
2.3362935595407857,9109
7.145996963829545,9110
2.192454502126592,9111
11.447184528014281,9112
18.352542397466372,9113
16.00458573321405,9114
15.698887932610607,9115
8.141173573792395,9116
8.465695414208195,9117
4.72948533679258,9118
3.348585035551718,9119
26.88519863632161,9120
15.150173579012527,9121
8.40524010861814,9122
6.394658548630342,9123
4.816016707639822,9124
4.561310764135565,9125
4.395767393022196,9126
4.2913323149862865,9127
2.918187831798193,9128
21.432582709940263,9129
11.875643027240624,9130
6.253627605483856,9131
4.2065161214506555,9132
3.0841958576718946,9133
2.7678680642564157,9134
2.5983063414288416,9135
2.5169062331136365,9136
28.261682542902463,9137
16.75751378928468,9138
9.703364217928055,9139
7.3650630328582585,9140
5.946960309387069,9141
5.5588535615906505,9142
5.415523423344352,9143
5.30982636200946,9144
45.058183647040075,9145
10.883207499797342,9146
9.16069061256025,9147
13.85133136501862,9148
9.123517150656667,9149
8.023326006523178,9150
9.316267989876867,9151
22.07621773671919,9152
12.154170758280689,9153
6.498864363729832,9154
4.579564142499512,9155
3.355534264749267,9156
3.0237618726047,9157
2.884219168383347,9158
2.800939782433576,9159
21.70175258213183,9160
12.100078828627218,9161
6.399541041971785,9162
4.477498218242516,9163
3.3439821561822467,9164
3.0108087647004647,9165
2.8733629808086047,9166
2.8108069780268665,9167
21.977190477034075,9168
12.423324143939436,9169
6.705985527426244,9170
4.789282273782427,9171
3.624367292136146,9172
3.312893267521305,9173
3.1760634483914343,9174
3.0943140416173414,9175
4.550269423722628,9176
4.429616221628647,9177
94.35178915867601,9178
58.269175071983376,9179
35.29737960109061,9180
28.947879273917437,9181
17.464817753871934,9182
9.403917038926659,9183
8.152919300299427,9184
6.1073950944797675,9185
6.109835706555026,9186
28.39684855593036,9187
16.536620983123,9188
9.443695700302564,9189
7.058532109615796,9190
5.620733247500954,9191
5.223466232897996,9192
23.476569801044477,9193
24.788787645739117,9194
14.532056827022192,9195
8.433231653932316,9196
6.381442128100459,9197
5.159779135157699,9198
4.811536847587751,9199
4.666786973369733,9200
4.571122425715822,9201
22.60721171681397,9202
13.709160363027161,9203
7.162967742920191,9204
4.588765288204732,9205
3.4168783976209203,9206
3.3317123994133286,9207
3.2211977397321268,9208
3.157373223656257,9209
28.980568137041953,9210
17.41588278625411,9211
10.266423930775229,9212
7.878230487220987,9213
6.402224846514088,9214
6.117127516403484,9215
5.901010601210035,9216
5.797236325455203,9217
30.6353317183223,9218
19.07639619057619,9219
10.683211934270728,9220
7.714147592176528,9221
5.849097487573722,9222
5.771238185372086,9223
5.487416807620578,9224
5.321346338838112,9225
7.761599230884889,9226
5.965098816218736,9227
4.038850487241582,9228
3.3077690271623466,9229
9.07451934482256,9230
8.546247038395089,9231
4.665191361264805,9232
13.77552667932428,9233
9.192489173718133,9234
8.48737584536099,9235
7.433012654343329,9236
7.591815502877711,9237
26.25130292471319,9238
15.221333503526825,9239
8.924143235423296,9240
6.693519146948906,9241
5.187037348024974,9242
4.9930987743908455,9243
4.829746214259497,9244
4.702919730020743,9245
2.5330882756623714,9246
46.89414967371353,9247
40.624240795802265,9248
29.125527930237347,9249
23.587091729812037,9250
29.581699993879916,9251
18.63964927595344,9252
11.560602724741958,9253
10.183437975142276,9254
8.536722966734004,9255
8.323457132075072,9256
7.506484094580772,9257
7.302757032543901,9258
11.060151963267396,9259
10.319854916022486,9260
6.827780009698907,9261
6.076830251596658,9262
6.188182813365614,9263
137.61354508468932,9264
51.127685736914266,9265
27.81925846125746,9266
28.744823913565174,9267
14.31720136710132,9268
51.756381769780575,9269
30.93665572704411,9270
17.619964038398727,9271
11.592693949476669,9272
9.947932146915324,9273
7.850662867328871,9274
7.628554107912167,9275
7.774219722264303,9276
7.637927485140112,9277
22.461239894638055,9278
13.189796561424515,9279
7.3358976387275705,9280
5.21624799235271,9281
4.092932761162333,9282
3.8391300632038843,9283
3.6356414897900113,9284
3.582033337518696,9285
11.040266048463058,9286
11.013848361355977,9287
18.1298841446228,9288
15.327426265897312,9289
12.692276528338176,9290
12.080383516434873,9291
44.44286786599889,9292
26.094884633984645,9293
24.3151720612209,9294
11.568466696985775,9295
11.998872378210388,9296
74.15533436573756,9297
24.282332719454516,9298
13.786432032816125,9299
7.742770191528876,9300
5.9817744327233715,9301
4.617668797119984,9302
4.056322356508416,9303
3.893110837816957,9304
3.880270618790177,9305
31.889053955815424,9306
6.849961821443656,9307
2.1162741737814743,9308
1.731910466789044,9309
2.951013120640397,9310
2.7061270837697267,9311
6.279520302420296,9312
15.752357886159949,9313
15.752357886159949,9314
6.147966796300048,9315
30.434783655051135,9316
18.87528367472229,9317
11.727009275917325,9318
9.44294512545743,9319
7.982793094480501,9320
7.543906081501457,9321
7.3604753241064875,9322
7.246926603231539,9323
28.451733767124875,9324
15.118918889011093,9325
8.108719088633864,9326
5.9256851670564945,9327
4.749129022715244,9328
4.350895283183425,9329
4.183599730152702,9330
4.107709342900136,9331
22.783700801340267,9332
13.997591969618973,9333
8.40841689549228,9334
5.131442650063804,9335
3.982419566593523,9336
3.576689752272245,9337
3.4396010345429207,9338
3.4117749337917966,9339
2.4986088645560547,9340
1.8599790653556396,9341
22.774381395380768,9342
14.132840670965988,9343
8.303049820502991,9344
5.075850670340974,9345
4.007999092672469,9346
3.611413004325071,9347
3.649770343118209,9348
3.7975654653761,9349
10.3998504627617,9350
18.92922661298313,9351
5.183742253493595,9352
1.849018997008518,9353
27.584412817759173,9354
15.107133220208496,9355
8.895082382242313,9356
6.382294008885883,9357
5.08484211731829,9358
4.495227339528169,9359
4.245297023981394,9360
4.1532542064795255,9361
79.48930148041227,9362
42.05456534366943,9363
40.35503677683996,9364
5.573890893233335,9365
11.807665990609193,9366
9.023036971321476,9367
22.477234440325446,9368
13.203309103221258,9369
7.3354000204394225,9370
5.216357248908308,9371
4.093022274369023,9372
3.8393663899433337,9373
3.6368480473591496,9374
3.5821901110657524,9375
28.51249131619938,9376
17.165108132703292,9377
9.61783948988492,9378
7.298573788897545,9379
5.847685443565052,9380
5.373845915364469,9381
5.190059761637228,9382
5.095449144184058,9383
28.866172448980876,9384
16.925787966318286,9385
10.246678423115492,9386
7.862915889269437,9387
6.438580006727306,9388
6.031441497534118,9389
5.845240887013462,9390
5.733747889519606,9391
28.11021942930699,9392
16.767774252839057,9393
9.800594932666536,9394
7.440199477054503,9395
6.0195767586352025,9396
5.592472898505942,9397
5.359520965074457,9398
5.304788600615941,9399
28.11021942930699,9400
16.767774252839057,9401
9.800594932666536,9402
7.440199477054503,9403
6.0195767586352025,9404
5.592472898505942,9405
5.359520965074457,9406
5.304788600615941,9407
28.70196388374995,9408
17.383565068938044,9409
9.627076977863329,9410
7.467263229560077,9411
5.944409196235047,9412
5.546423808717331,9413
5.4294922630274085,9414
5.302958952290033,9415
25.083246715351006,9416
15.510649240804534,9417
9.033485087793103,9418
7.320500190748295,9419
5.944462553885502,9420
5.602519122223116,9421
5.510774137404231,9422
5.496779049931043,9423
28.051611670148688,9424
21.846346373579046,9425
4.584917935651696,9426
1.2690416239509585,9427
22.747416579763538,9428
4.8684561091336365,9429
1.7872126053662243,9430
28.997920003901534,9431
16.80326681577206,9432
10.142427293325659,9433
7.773615234593243,9434
6.346962488454796,9435
5.949352685203964,9436
5.806118840818754,9437
5.717231740715982,9438
11.126291060063195,9439
4.581807522883571,9440
4.54838574355171,9441
3.470509357111882,9442
3.7970472055941524,9443
28.7888750651069,9444
16.87939378855605,9445
10.201643023332013,9446
7.842387898151089,9447
6.434631950636496,9448
6.023547523328554,9449
5.831130176041055,9450
5.733771516438732,9451
23.295283337927614,9452
13.83071681264926,9453
8.200926502668661,9454
6.134659530959988,9455
4.9601909265313155,9456
4.509677767596884,9457
4.440859684536271,9458
4.38234214502091,9459
23.295283337927614,9460
13.83071681264926,9461
8.200926502668661,9462
6.134659530959988,9463
4.9601909265313155,9464
4.509677767596884,9465
4.440859684536271,9466
4.38234214502091,9467
27.315716293824288,9468
15.687997341055803,9469
9.398480542828567,9470
7.225098967495618,9471
5.571767175353796,9472
5.12284142566409,9473
4.9397634395085905,9474
4.750964247166246,9475
3.605953893109261,9476
3.8229668616801042,9477
30.114976066297466,9478
19.97470570566703,9479
13.609753092831427,9480
9.163035962896453,9481
7.341137764561726,9482
6.71098029009022,9483
6.132778675686549,9484
6.082005814643356,9485
37.14907763825826,9486
32.16547530731011,9487
33.08255081663997,9488
27.808859012090277,9489
20.19939557149774,9490
18.384586746690463,9491
28.875664809971408,9492
17.00696818389364,9493
10.331876985204547,9494
7.934571523783162,9495
6.502169435798037,9496
6.094069463218775,9497
5.8860911394961715,9498
5.785683441765246,9499
22.354662342506344,9500
12.919552333129106,9501
6.786609167009055,9502
4.8395000034353135,9503
3.5206807079817968,9504
3.214286109020166,9505
3.2543392306882164,9506
3.198849704296479,9507
28.96044931087598,9508
16.622216624903544,9509
9.607148947087836,9510
7.568220222377843,9511
6.112310271973429,9512
5.513812716624912,9513
5.4076168913186144,9514
5.256546919937815,9515
28.689218924770934,9516
16.91235383307304,9517
10.297498796384474,9518
7.9227596879408635,9519
6.485650180494423,9520
6.093820298506322,9521
5.9064091229035975,9522
5.792333778340999,9523
22.354662342506344,9524
12.919552333129106,9525
6.786609167009055,9526
4.8395000034353135,9527
3.5206807079817968,9528
3.214286109020166,9529
3.2543392306882164,9530
3.198849704296479,9531
28.689052253369933,9532
16.74485538082893,9533
10.298066557007344,9534
7.922709596732275,9535
6.477779603455268,9536
6.087289828295295,9537
5.928730090332557,9538
5.84226144774671,9539
28.96044931087598,9540
16.622216624903544,9541
9.607148947087836,9542
7.568220222377843,9543
6.112310271973429,9544
5.513812716624912,9545
5.4076168913186144,9546
5.256546919937815,9547
28.689052253369933,9548
16.74485538082893,9549
10.298066557007344,9550
7.922709596732275,9551
6.477779603455268,9552
6.087289828295295,9553
5.928730090332557,9554
5.84226144774671,9555
28.84421905598376,9556
16.865193679706138,9557
9.87630160993023,9558
7.8499038763865485,9559
6.2754853548776115,9560
5.8661348014539305,9561
5.716162953994049,9562
5.6155782321073175,9563
28.997920003901534,9564
16.80326681577206,9565
10.142427293325659,9566
7.773615234593243,9567
6.346962488454796,9568
5.949352685203964,9569
5.806118840818754,9570
5.717231740715982,9571
7.385518215727112,9572
7.3755643418518195,9573
6.419680447517032,9574
16.337962261728084,9575
18.1405716970921,9576
10.892129124150184,9577
7.676914583589227,9578
36.26315855726402,9579
9.737508039675914,9580
9.78449173679178,9581
7.938615778204221,9582
11.187553773164934,9583
6.257811111606692,9584
11.651924261350784,9585
8.618120421572696,9586
6.95201178900465,9587
5.992388940875414,9588
1.2012189523240964,9589
1.5330300875877274,9590
5.58040887369796,9591
12.274283048864199,9592
10.420295471327677,9593
7.6884210039212935,9594
4.476847230092557,9595
4.088637742023775,9596
4.069452880649943,9597
3.440420082233397,9598
3.3453325793054827,9599
4.085775360538736,9600
27.746092468881013,9601
18.170931778420318,9602
13.018589307853604,9603
9.790971025432905,9604
8.048178505254603,9605
7.38462203785019,9606
7.159102163149981,9607
7.085669811544548,9608
12.222587514769408,9609
11.39241235421567,9610
2.26094461014959,9611
65.64602463533936,9612
28.407394753617808,9613
17.52879861027655,9614
10.270824670037136,9615
10.263661068624932,9616
6.605340683795693,9617
6.243062554688251,9618
6.5333979589796956,9619
6.501160562907877,9620
28.37666746446416,9621
17.400216855580908,9622
9.939849050162739,9623
9.143698533793323,9624
6.997629704023136,9625
6.8528684365293735,9626
6.585930352870978,9627
6.430945847975144,9628
8.70246625965297,9629
24.77408497822035,9630
14.567172709725197,9631
8.448101264180139,9632
6.748041838321727,9633
5.27674969048257,9634
5.059256200597929,9635
4.691638558571083,9636
4.597417058757203,9637
8.672436957399443,9638
7.641738190339361,9639
5.632231060707145,9640
11.758564877679825,9641
8.593193655664827,9642
7.62674582415683,9643
5.655938447102258,9644
20.113778005922928,9645
8.420747514383137,9646
8.103381766679998,9647
4.277701617930199,9648
3.8476160982524066,9649
98.78969751065104,9650
15.401274631413278,9651
9.372851457988775,9652
7.621285885887876,9653
6.609710360410931,9654
18.64717934616015,9655
9.704967826321369,9656
7.698099587026656,9657
32.200312756947866,9658
15.329895867732978,9659
10.596078842467323,9660
9.156957119187886,9661
8.227532285144648,9662
33.603424510400494,9663
20.066271431143086,9664
16.517668799353135,9665
15.72680914666425,9666
12.016804334063444,9667
24.155237595045687,9668
10.600830874125618,9669
7.688412834102409,9670
4.413278668802751,9671
4.258573042867863,9672
6.617676442395604,9673
6.120246536789823,9674
3.92311728327337,9675
22.90163391059753,9676
13.305708161205317,9677
7.590057443126628,9678
5.6706947041176825,9679
4.506556690902267,9680
4.1898773532907665,9681
4.042468996673507,9682
3.994894088205056,9683
30.698114467850214,9684
6.139931344543662,9685
2.5175538046727057,9686
21.517137958874287,9687
21.049461316713167,9688
4.771505437716044,9689
1.9808276257490522,9690
11.956080371796624,9691
7.57474726786542,9692
7.045671543377421,9693
29.15844192097632,9694
17.09428842285214,9695
10.114786241144587,9696
7.734159574676454,9697
6.312065034050567,9698
5.914187870217496,9699
5.752731272521108,9700
5.6353717613469545,9701
24.214614086171117,9702
16.602799810767056,9703
8.63247711016457,9704
6.169811648865989,9705
5.305489866788644,9706
4.99640042802029,9707
4.646803949891503,9708
4.71620379260684,9709
4.918896279328897,9710
7.105505227963533,9711
13.62357596648165,9712
25.858476382937273,9713
14.759255153083966,9714
9.387077649123086,9715
11.301470781510186,9716
11.327816886070082,9717
9.374883811901443,9718
12.242980049420149,9719
13.421984381023446,9720
52.90131636895566,9721
5.236555033970674,9722
5.548415110563887,9723
6.296357776958022,9724
6.1534726976835525,9725
11.427283980871657,9726
7.722054873121119,9727
7.468210338784006,9728
4.434606104087448,9729
25.247028652543023,9730
13.808622852630412,9731
7.314683331255246,9732
7.126318296066253,9733
5.1832826911119465,9734
3.9044128069336814,9735
3.4062058773112946,9736
3.2625533905388715,9737
12.27106586259551,9738
7.189388859208902,9739
5.022268258517653,9740
9.062399543488315,9741
6.101677133787124,9742
12.885400063053785,9743
5.498155828993475,9744
27.284712588980813,9745
19.860188130388618,9746
12.037780208566486,9747
10.3634938035875,9748
8.353492914199169,9749
8.066461487582231,9750
7.865545526584484,9751
7.899418534270926,9752
13.353414093514239,9753
21.495004844794387,9754
11.879208020310609,9755
6.092910182357221,9756
4.167406125292141,9757
3.015199520767133,9758
2.685155066248372,9759
2.54493919626551,9760
2.4701289683745036,9761
13.772382152385932,9762
28.33634624644719,9763
17.034831593117588,9764
9.969898666048575,9765
7.560502913918427,9766
6.10458381175295,9767
5.761804759253877,9768
5.584296834634472,9769
5.467772329303897,9770
22.750418947916252,9771
13.178931310126904,9772
7.438409510140263,9773
5.528782936340301,9774
4.37896757508781,9775
4.064592088357802,9776
3.928367693065302,9777
3.835952602547518,9778
24.69047994636001,9779
14.072589521549968,9780
7.9618051099664005,9781
6.576069577264978,9782
5.246308226651131,9783
4.720794374819692,9784
4.672768198316665,9785
4.810313822273267,9786
24.348032513396298,9787
14.074771282200967,9788
7.976377889766304,9789
6.637741422576687,9790
5.241478865633215,9791
4.790227521322538,9792
4.772376820322003,9793
4.834941809717319,9794
24.36125563743177,9795
13.93861539705015,9796
7.443520757817451,9797
6.437677329127812,9798
5.140640255323518,9799
4.675866247789829,9800
4.7571471418364695,9801
4.733396710829354,9802
24.35969793073182,9803
13.918284950359274,9804
7.757317329557819,9805
6.553144354918166,9806
5.169316847930696,9807
4.687939278495049,9808
4.76434945259883,9809
4.678536474890429,9810
22.46146905806958,9811
12.81263249707178,9812
7.111784387546432,9813
5.215496126461504,9814
3.96561920536522,9815
3.7509033961770086,9816
3.6645220983431903,9817
3.5563150017381324,9818
21.890540629425697,9819
12.328501775320548,9820
6.632695688313964,9821
4.677957561082385,9822
3.5644949693835652,9823
3.2066700142153186,9824
3.100571789526344,9825
3.037152896303125,9826
5.124096259341629,9827
24.115389216135902,9828
13.283091292784851,9829
8.087737700306137,9830
5.736811779720373,9831
4.491549800079334,9832
4.273950448920252,9833
3.9701536341625987,9834
4.087959133065517,9835
8.510330521716089,9836
6.207867074047632,9837
5.822473848729325,9838
5.7259468951508445,9839
28.615910269495565,9840
16.584286367444292,9841
9.589768885596602,9842
7.224210185425298,9843
5.742200431911772,9844
5.286537399997599,9845
4.948922239705782,9846
4.763640113246757,9847
29.459570443378578,9848
17.009250252804527,9849
9.920890286370211,9850
7.513270756161829,9851
5.988722647189824,9852
5.572414101800434,9853
5.418519757226925,9854
5.298605781127419,9855
28.43839492930175,9856
16.70709428087288,9857
9.498260587441814,9858
7.053534641200516,9859
5.771819559343821,9860
5.355160671998859,9861
5.110446913500786,9862
4.763335020941838,9863
28.689438602822527,9864
16.88341989933958,9865
9.47853308726783,9866
7.183822336337425,9867
5.765716131424261,9868
5.346604833307487,9869
5.184733764418273,9870
5.064876990347062,9871
28.090109590176574,9872
16.770792065054405,9873
9.603864661715946,9874
7.232825513651358,9875
5.8090430715759735,9876
5.395709210097651,9877
5.214729612811531,9878
5.096203697108893,9879
25.10296930619795,9880
14.790668045097618,9881
8.347247241473537,9882
6.391837706185944,9883
4.575161043453235,9884
4.5434858253655905,9885
3.834316931335035,9886
3.6286121117701478,9887
28.514396011328703,9888
16.622291361715227,9889
9.56331062317723,9890
7.384414992936896,9891
5.68090149378215,9892
5.145592825344578,9893
5.1999101186164385,9894
5.010757667239653,9895
28.514396011328703,9896
16.622291361715227,9897
9.56331062317723,9898
7.384414992936896,9899
5.68090149378215,9900
5.145592825344578,9901
5.1999101186164385,9902
5.010757667239653,9903
78.16971044835906,9904
14.444291794083117,9905
8.63051172963954,9906
8.266768537468273,9907
7.684637977864852,9908
21.860339706140397,9909
12.48104454527453,9910
6.668379250695613,9911
4.755825080453017,9912
3.6123656364161576,9913
3.338183090493483,9914
3.1977008971086804,9915
3.1229277347045947,9916
7.110956666847979,9917
2.4056924565405455,9918
4.297643805704746,9919
25.414361002566114,9920
9.065610822372879,9921
6.133594812416119,9922
3.31588722176259,9923
39.13859794470921,9924
60.56167181769162,9925
27.85506401303857,9926
22.115796836255242,9927
12.523709072919658,9928
6.7945491890956236,9929
4.920496455372806,9930
3.8258356907392095,9931
3.476674639394245,9932
3.358828087345189,9933
3.2611612803275927,9934
22.299049883568717,9935
12.739491875749914,9936
6.9648739057791405,9937
5.004267176727045,9938
3.973506517295427,9939
3.636480365693657,9940
3.466924929568538,9941
3.3886799943884434,9942
21.973623994262258,9943
12.651876025112394,9944
6.673880920282526,9945
4.80308166347515,9946
3.655093916789889,9947
3.347545046636472,9948
3.2125450161395963,9949
3.1475137749818503,9950
21.26366124447955,9951
11.825011722080104,9952
6.043453235713415,9953
4.122701113526924,9954
2.9961345851439742,9955
2.7440209965182327,9956
2.5720868076165506,9957
2.488013223603565,9958
25.51740878468793,9959
17.021515160139113,9960
8.67851231958842,9961
6.610131545069634,9962
5.1620439745665365,9963
4.76838044266239,9964
4.666271512608785,9965
4.576527461735864,9966
29.262032782241196,9967
17.374286937652368,9968
10.184788197225437,9969
7.798837811569957,9970
6.2614434177065705,9971
5.912280215199648,9972
5.711065120665164,9973
5.603192641903408,9974
29.261968244111678,9975
17.350170470250696,9976
10.175058060751216,9977
7.7985931881586525,9978
6.622085546578128,9979
6.097395180234084,9980
5.8951718047732315,9981
5.780017864143662,9982
84.88354549021346,9983
2.132794811168789,9984
3.259020513261319,9985
3.2635404188126445,9986
4.106097801573278,9987
8.257592636982093,9988
8.373265371508754,9989
21.720417822416888,9990
12.14779627015903,9991
6.4221377253618845,9992
4.49014374545898,9993
3.3776106184600736,9994
3.1068417467576226,9995
2.9222154632040436,9996
2.833897683329828,9997
21.956014171918543,9998
12.365328569275114,9999
6.6576472115257355,10000
4.749731733428416,10001
3.6501517275060458,10002
3.3140352475881345,10003
3.1574382022658853,10004
3.103295494459302,10005
4.79813900222586,10006
3.6337693087575094,10007
21.86659308010519,10008
13.316508812022791,10009
7.19096068801281,10010
4.97844848629092,10011
3.6384257947759417,10012
3.339888546028371,10013
3.322048971352728,10014
3.2372064886734737,10015
73.48970981286503,10016
88.26682339925328,10017
36.95343763660875,10018
32.614368334941865,10019
31.965341766996822,10020
22.881102254678083,10021
80.76293876192742,10022
42.52112157851482,10023
29.53336464626019,10024
22.81039914988545,10025
13.400076657470876,10026
7.570957493174136,10027
5.372795437699501,10028
4.118831332284866,10029
4.0399604411077625,10030
3.7698286859408974,10031
3.738046456163951,10032
14.70058276984055,10033
11.651716803156384,10034
9.289834145895128,10035
9.394034932120706,10036
5.706152450700401,10037
7.964000447200409,10038
3.4483157709210377,10039
27.751503205666957,10040
19.06655189832958,10041
8.981633522398202,10042
6.319287184736626,10043
4.271049862188128,10044
3.506032293851682,10045
2.89847638410309,10046
2.7130756614684164,10047
15.628562929502847,10048
7.4088543383619205,10049
22.219681457747036,10050
12.647953636512673,10051
7.019633628101883,10052
5.0717451302682965,10053
3.838611997184942,10054
3.506359761422468,10055
3.3790636908011096,10056
3.273609918982086,10057
8.708722029236242,10058
3.0456525376549997,10059
5.715801652170123,10060
8.931034378021865,10061
23.66760987208746,10062
12.921322361978762,10063
6.818824083167885,10064
4.678124978019449,10065
3.4686029499745454,10066
3.140490857330255,10067
3.0298399332049755,10068
21.6537021364271,10069
12.030642369034172,10070
6.365733662928289,10071
4.434310978440878,10072
3.284572422891898,10073
2.934092540615712,10074
2.7905871316922943,10075
2.7002325629502906,10076
4.8449179300878855,10077
2.422371938712922,10078
2.099872100795269,10079
23.295682878614574,10080
13.731574951473323,10081
7.794988866840672,10082
6.019607603633217,10083
4.768570761499634,10084
4.565325016641957,10085
4.423163061771563,10086
4.316656562233357,10087
6.822728146267788,10088
176.62648378408684,10089
21.35894672464481,10090
22.03302208078626,10091
29.082382686355423,10092
34.697216897869176,10093
8.13764769347126,10094
7.5645139121631715,10095
30.42595073622454,10096
19.12128183170313,10097
11.02592793199698,10098
9.752563899870339,10099
8.945786799216554,10100
8.256294543448606,10101
7.337781999379502,10102
6.9859554202727505,10103
22.709813751660917,10104
13.605289997488024,10105
7.677595152043596,10106
5.551037596472376,10107
4.485760751277089,10108
4.376934563575524,10109
4.048006802729586,10110
3.882865082452043,10111
8.484855699690337,10112
5.2931574156116525,10113
5.00728894940348,10114
4.06422364228248,10115
2.5470233445355293,10116
6.089748719593048,10117
5.989773679318927,10118
4.145163432612823,10119
4.311080058182486,10120
11.204120562798034,10121
9.750580561124448,10122
8.141409374785749,10123
6.437377445245952,10124
5.1944998918346155,10125
3.824116744120229,10126
3.678455887761763,10127
3.8819635829982255,10128
8.069800942889298,10129
6.524417285265681,10130
6.088109049277315,10131
4.219963448912917,10132
4.13259567420292,10133
28.500673111349588,10134
17.207872461610076,10135
10.066795284804927,10136
7.715665815058774,10137
6.279795522591576,10138
5.869713101586357,10139
5.669704300286146,10140
5.55579240377321,10141
28.93255280014203,10142
17.44271259770102,10143
10.173377853361705,10144
7.910127021693927,10145
6.481675274480151,10146
6.0612831047176785,10147
5.882979932816746,10148
5.842241661354619,10149
28.865092344177935,10150
17.18926945213295,10151
10.070109047539853,10152
7.7826763448924545,10153
6.392562290877,10154
5.922832411482468,10155
5.698379482494623,10156
5.609019400622357,10157
25.209130467874807,10158
15.039490445344361,10159
8.909168287178508,10160
6.8524644228821785,10161
5.644409658846917,10162
5.385518872879305,10163
5.18274361840938,10164
5.129012830038138,10165
22.43439023446387,10166
12.670683562194487,10167
7.591950192385797,10168
5.127599971858996,10169
3.7664065634564023,10170
3.4559997756087086,10171
3.574171323612571,10172
3.4983857089405523,10173
14.168885298771379,10174
3.2556121886827447,10175
2.9664665751053243,10176
17.21519934725493,10177
15.597198614610196,10178
12.420686314999005,10179
11.286092916325003,10180
8.857319138622787,10181
7.452814761826375,10182
11.555254498812337,10183
10.805193161623018,10184
6.131536062825463,10185
3.25654326524021,10186
2.6561541560649613,10187
3.1519305523274186,10188
6.2960163714348285,10189
6.290690683256078,10190
4.486004900422425,10191
18.835744912552602,10192
14.768329686124291,10193
8.839147753454277,10194
11.617366202262113,10195
9.070670784286904,10196
7.4465813611809715,10197
4.144924476655342,10198
4.074630455752189,10199
3.904758675249702,10200
12.022384076682629,10201
6.967312279232356,10202
6.8812674533078635,10203
5.454464944743232,10204
11.909346738124999,10205
12.178541618750709,10206
11.433915971413843,10207
8.79956929814527,10208
8.235226607281005,10209
5.5548545535772,10210
2.9672831788592537,10211
3.9641824640297703,10212
20.380049352820045,10213
5.202142706004137,10214
4.8428441765963655,10215
7.899928826206947,10216
5.742330822655599,10217
6.22962142919792,10218
3.700199256544984,10219
3.3916475618818662,10220
3.322947992505911,10221
14.251656577915163,10222
9.895866214683249,10223
5.611704242047907,10224
19.564501969446354,10225
14.611256143921437,10226
11.046231872902368,10227
9.584457107598308,10228
7.931515464945427,10229
7.858260131139004,10230
11.29126617990763,10231
7.60010903531568,10232
3.7405172339637685,10233
12.640380789483826,10234
8.062373021773102,10235
7.020698254942194,10236
16.908834218252824,10237
13.869427702579102,10238
7.122174454453757,10239
2.5949584366919654,10240
1.9057341106725243,10241
7.115109970904885,10242
10.418716487104936,10243
6.234553377319337,10244
7.085073581639431,10245
5.9634247069343465,10246
3.845529354992337,10247
9.570455821483447,10248
8.903972097118388,10249
9.057868332837822,10250
20.51287009918547,10251
9.801541918561647,10252
8.811282214122896,10253
9.581602301324176,10254
8.450641107056665,10255
7.979244815588836,10256
14.979550531659019,10257
12.232314052566686,10258
8.917222121004222,10259
13.676791434033559,10260
11.598098428866715,10261
9.712488892219914,10262
13.315068522421344,10263
11.88319004680287,10264
9.178270823324482,10265
19.221514963678196,10266
15.309868975683543,10267
14.388705337890137,10268
13.387522351186336,10269
10.668477963204941,10270
6.640668493022257,10271
3.080468611379512,10272
4.693533816321164,10273
7.335479229828876,10274
6.350607939414919,10275
4.30341129320939,10276
7.684397399002572,10277
16.323782845777504,10278
11.59594931379911,10279
8.547106349851903,10280
7.587497540445034,10281
7.691983307285646,10282
3.9112028540720343,10283
3.4216289036727594,10284
36.19567260411116,10285
10.182340450014388,10286
36.92887294935017,10287
18.826576338410863,10288
15.00928510395169,10289
13.354915330809463,10290
10.026179402599409,10291
18.407584481506184,10292
13.895849392588746,10293
8.669471189794036,10294
6.122186228746946,10295
3.725572059970779,10296
23.0395214991286,10297
13.215294620334758,10298
6.614101942502505,10299
4.443594209010498,10300
3.2903834948496566,10301
2.9332642024267517,10302
2.8064888503678924,10303
21.10816218648912,10304
11.61422340967047,10305
5.816476092846456,10306
3.9255889475011916,10307
2.7603022118697234,10308
2.451165968266195,10309
2.315902220647534,10310
2.2237962294294684,10311
27.533931885860877,10312
16.42625130782401,10313
9.55978804500871,10314
6.048364037176094,10315
4.582631335941181,10316
4.342457172918655,10317
4.159083692028124,10318
4.033511370893008,10319
4.932506023696649,10320
7.630271866013637,10321
5.5321098659074295,10322
7.458990588026889,10323
11.862692610993937,10324
13.561578145491945,10325
6.466743493287492,10326
3.4118539587850885,10327
15.726919695796488,10328
8.552467720486254,10329
7.235844135682209,10330
6.550399901790276,10331
4.236609258055012,10332
8.83945753122752,10333
5.806711154496469,10334
5.391338356705476,10335
2.5330962888114406,10336
23.225478068076132,10337
13.790022215913107,10338
8.111324613807636,10339
5.864176334385277,10340
5.110688799575906,10341
4.644213406447262,10342
4.537554968094232,10343
4.478569921704315,10344
23.09303692152574,10345
13.19216222824296,10346
7.733184328832834,10347
5.3439516086662895,10348
4.165313975041023,10349
4.077221522153051,10350
3.896864193373633,10351
3.820201735277836,10352
1.4160996222666828,10353
2.561517046945245,10354
24.72419735116569,10355
15.344025271765846,10356
8.59606997524173,10357
6.223568263499871,10358
5.5478328484925505,10359
5.172241477978209,10360
4.941460579317944,10361
4.751633577506976,10362
24.72419735116569,10363
15.344025271765846,10364
8.59606997524173,10365
6.223568263499871,10366
5.5478328484925505,10367
5.172241477978209,10368
4.941460579317944,10369
4.751633577506976,10370
16.453087021800968,10371
41.30239929474515,10372
10.85894795337884,10373
10.359289531468253,10374
3.6056531738162536,10375
3.1442294724217263,10376
28.05531576732495,10377
15.660603344917236,10378
9.125123848187837,10379
6.812734279708653,10380
5.300625394534178,10381
4.751649429764952,10382
4.65837787231984,10383
4.562178481082761,10384
28.006124835076978,10385
14.980172698869854,10386
8.052833542002821,10387
6.106369995502006,10388
4.388311055073521,10389
4.680212172650542,10390
4.268245381981555,10391
4.115476459124172,10392
3.028259212784677,10393
3.4166014727845937,10394
3.176163575260275,10395
11.350209987308247,10396
10.763612430362375,10397
10.07042202542345,10398
7.366055413816825,10399
21.5833372294591,10400
8.603223696198288,10401
7.320899038289346,10402
6.978746457995848,10403
5.450063082827592,10404
4.76361642941738,10405
30.00827996024878,10406
21.18392738473553,10407
14.570202919905805,10408
12.793828052283793,10409
11.63464471252328,10410
11.040689817715778,10411
11.317588619151522,10412
11.083190099097235,10413
42.60311114457968,10414
42.60311114457968,10415
46.92193997665067,10416
93.68324720989958,10417
16.843636687751804,10418
12.627616801108505,10419
8.978933341916635,10420
8.029145867809302,10421
6.299978068220143,10422
6.3669187458249,10423
4.622437681421309,10424
22.9728719696399,10425
13.014123533615535,10426
7.24826125722046,10427
5.104804999190296,10428
4.018276649813822,10429
3.6348857525490286,10430
3.467829907531854,10431
3.41202283299383,10432
13.396948099863689,10433
5.964751267445616,10434
5.967446473392439,10435
24.02927143834181,10436
11.972523180413116,10437
8.845622129638285,10438
7.1300159792444395,10439
30.779183776179096,10440
18.595443061960847,10441
13.610011489320799,10442
9.422589840712696,10443
7.738819375960449,10444
6.966139076501123,10445
6.300364510530715,10446
6.2002801289936365,10447
6.639930818404265,10448
22.20591533094064,10449
12.870191189335385,10450
6.949727211259062,10451
5.189873116461175,10452
4.083691290638102,10453
3.7506872021333257,10454
3.612324349014457,10455
3.51149286662524,10456
26.843796862805902,10457
16.646788053418952,10458
9.817165012113051,10459
7.355512847506012,10460
5.9651298222146325,10461
5.74843875194429,10462
5.639225090122933,10463
5.411027710427335,10464
21.726536509783614,10465
12.074310253190944,10466
6.4119705929023905,10467
4.476238140227265,10468
3.2959397964476365,10469
2.9553210782919743,10470
2.82907742254675,10471
2.738406248852379,10472
17.1597445396879,10473
26.269844811115,10474
21.97867707634547,10475
12.536278669428192,10476
6.9335642257578325,10477
4.794945451865688,10478
3.666030725684172,10479
3.338067209226379,10480
3.2020366429190372,10481
3.1233107690378694,10482
21.9852292800021,10483
12.539025054177689,10484
6.929523183170623,10485
4.793863299347542,10486
3.6684735505300283,10487
3.3437110116573483,10488
3.210282422439535,10489
3.1290594084625436,10490
21.330410324709668,10491
11.751188479127123,10492
6.0460643956393785,10493
4.131168560903741,10494
2.9514873735453584,10495
2.625060079199647,10496
2.518529959458806,10497
2.428479485489613,10498
93.01039540000384,10499
5.952386210904987,10500
9.615025957449069,10501
9.27622709811821,10502
8.7813744329669,10503
6.572999996578963,10504
8.888526159109954,10505
7.778529525666668,10506
7.358847030635462,10507
6.189864699351976,10508
16.376796619023725,10509
14.295723177831256,10510
9.984765354227564,10511
7.9900313903327,10512
5.886294257649979,10513
21.480656126050004,10514
11.947064614040421,10515
6.205619947178068,10516
4.289440705105662,10517
3.1494036367395264,10518
2.82223382438076,10519
2.68524383821723,10520
2.5980916009263293,10521
4.045856760204748,10522
2.2535867867584005,10523
21.618915073145235,10524
12.035544198299897,10525
6.273099047095456,10526
4.318555154702265,10527
3.1665188026348,10528
2.8288717823710883,10529
2.686829851949919,10530
2.616717360968214,10531
7.280804988104543,10532
3.8463151748747864,10533
3.82055604527919,10534
14.84969099456385,10535
14.341293626858,10536
13.066690970513088,10537
11.50582147419923,10538
6.161149567651552,10539
17.72847179638697,10540
11.567364863309706,10541
8.732463107927446,10542
8.173705163193283,10543
5.686539208731596,10544
19.314155021839305,10545
16.207249054644244,10546
8.625996435390379,10547
8.105631578475984,10548
5.805393397906706,10549
22.567627197155343,10550
15.150335850901293,10551
10.804487751488868,10552
9.25655554212229,10553
8.792519147770475,10554
4.610749454162208,10555
22.89621886582497,10556
4.318299360263486,10557
5.010193261278473,10558
17.34779978832125,10559
5.365095803759686,10560
53.31032870466634,10561
12.668070048989941,10562
18.916298462433435,10563
44.707131697916715,10564
47.065193539922014,10565
26.15880679198955,10566
15.641912662255775,10567
10.86484807387491,10568
8.043638349638385,10569
6.6283416691380355,10570
5.809536151091992,10571
5.601081165171007,10572
5.529528960801791,10573
15.098971822023508,10574
9.091641516807888,10575
7.488941765589132,10576
7.2303788639221045,10577
25.61575637490406,10578
14.346643120774194,10579
7.519074776047473,10580
6.21673610919529,10581
4.356111791833434,10582
4.035782207263893,10583
3.7833493094476487,10584
3.738377277844077,10585
29.57239176684646,10586
16.264364934149835,10587
8.65433349075551,10588
7.428405760179753,10589
5.577031678711629,10590
5.421462942816343,10591
5.116013645040234,10592
5.015294394442082,10593
30.406994323281108,10594
17.053185692500282,10595
17.9637728715075,10596
19.442958129761234,10597
12.759150701411391,10598
18.551047543565684,10599
14.428283137843342,10600
12.316498480823098,10601
11.276798385216187,10602
3.116484835313609,10603
19.662663283306788,10604
15.99775141602136,10605
14.08408433790264,10606
13.142666048576809,10607
20.75843826461091,10608
11.222724633608934,10609
5.475764214690059,10610
3.574602040448466,10611
2.426964432642915,10612
2.108094902540995,10613
1.9642595236560632,10614
1.8876447277740154,10615
21.935929032554636,10616
12.426234100420489,10617
6.622990499969946,10618
4.759761131117436,10619
3.5876861302496317,10620
3.28220823390103,10621
3.1506320102398555,10622
3.0730846200288293,10623
21.325457771697717,10624
11.72210642592586,10625
5.978910596650129,10626
4.111778537942913,10627
2.9546759736721535,10628
2.5887526526598097,10629
2.465260165092744,10630
2.3788569335881355,10631
21.702978506302895,10632
12.054252412952495,10633
6.354173931662138,10634
4.432135600405047,10635
3.294108955599911,10636
2.953782556620284,10637
2.8275942807689827,10638
2.736971108202859,10639
10.839471941845822,10640
7.002725696262469,10641
5.659254679246525,10642
4.140316071820168,10643
40.73980392775403,10644
28.71810888939276,10645
34.13494122813607,10646
15.835334729414127,10647
14.718115441678755,10648
15.596033110713618,10649
55.96036914727089,10650
41.056335588129386,10651
43.19709236814783,10652
20.338927077896077,10653
38.80460080665284,10654
28.97866457701455,10655
17.41874876041704,10656
10.142587819518853,10657
7.841163719044537,10658
6.4969072184490555,10659
6.083012093125556,10660
5.890381364039422,10661
5.7812968376062726,10662
9.860521873870125,10663
32.58221507614454,10664
7.6351412984332985,10665
2.9917953496782483,10666
56.692185156393506,10667
4.146988569042637,10668
8.961286936724798,10669
3.646368816397354,10670
20.49754159236181,10671
12.231376774618122,10672
5.97243379098404,10673
5.564833938259575,10674
2.8948529080503387,10675
2.9873034436453305,10676
2.8088690654542408,10677
21.054064167460375,10678
5.817056024735715,10679
7.3667083454866,10680
5.281655755450262,10681
16.211856214625183,10682
25.65561589320475,10683
15.47250426695197,10684
9.355746753012994,10685
7.713223372652173,10686
6.075478933142304,10687
5.638169332857729,10688
5.622137581350506,10689
5.627246745335819,10690
27.905088791867435,10691
17.921860366773895,10692
9.4568890169874,10693
7.845513719914216,10694
6.180874351168322,10695
5.794560108860419,10696
5.658178078696877,10697
5.555643791363854,10698
28.29829973003737,10699
17.3879327649156,10700
9.506257024552642,10701
7.528755310519307,10702
5.918255247572658,10703
5.527861139880068,10704
5.413063565886821,10705
5.295597552659834,10706
28.824318289863943,10707
18.23564842290217,10708
9.58732984003482,10709
7.630649259268641,10710
6.139571989235337,10711
5.756234598980869,10712
5.625028087209458,10713
5.509305310524001,10714
28.165891983267613,10715
16.577670698532646,10716
9.58286756739836,10717
7.262386308085697,10718
5.799938523881313,10719
5.501901400158346,10720
5.297196041613505,10721
5.194959100242307,10722
28.585462815139305,10723
16.251648629030935,10724
9.237660760975798,10725
6.975418311235949,10726
5.407214267476132,10727
5.178317264289807,10728
4.898007027176455,10729
4.802974713328632,10730
4.4212292133794175,10731
1.7227276860180307,10732
1.8047519578967817,10733
20.937908728444636,10734
13.908150934376359,10735
7.473796932800547,10736
5.735618841566714,10737
3.926281648596226,10738
4.791074675315448,10739
3.8627275785203437,10740
3.8179381381889073,10741
10.503793980185238,10742
3.6561698223789834,10743
29.058609143046624,10744
15.32122150585122,10745
8.410119567103026,10746
7.181036599183102,10747
5.632428392364778,10748
5.6300852650594715,10749
5.307546608386058,10750
5.047976178667024,10751
21.84315862380159,10752
12.415471822011916,10753
6.54724618126401,10754
4.5908376825995685,10755
3.478623797323548,10756
3.1210719261729953,10757
2.9729127774764144,10758
2.894264531384328,10759
25.755218492439376,10760
6.0260004196293675,10761
2.3865433962041456,10762
22.338022345141347,10763
12.909860292768592,10764
6.825937150006014,10765
4.8575688253100475,10766
3.5361533949895536,10767
3.2287101159647142,10768
3.268900325265198,10769
3.213220877901481,10770
29.1284308610388,10771
17.11586466222756,10772
10.119767834220513,10773
7.742431791777007,10774
6.318346816251253,10775
5.911321682013319,10776
5.723490793811766,10777
5.629105735469033,10778
29.12924812536667,10779
17.115822108512994,10780
10.130614211410913,10781
7.743680978960617,10782
6.320438447702613,10783
5.914375128339674,10784
5.724598275532476,10785
5.62915908580797,10786
28.072312942492335,10787
16.829823050091,10788
9.679189310342188,10789
7.231963736797211,10790
5.875448329626727,10791
5.475859279004612,10792
5.27988163975155,10793
5.169178063146483,10794
23.21808379626433,10795
13.381297331526877,10796
7.673883423637513,10797
5.796662318573496,10798
4.623352775080834,10799
4.303391205922684,10800
4.206572432486394,10801
4.09283258809707,10802
8.467184123725563,10803
9.389372715356172,10804
2.251380746866011,10805
28.5355606151656,10806
16.264672046350416,10807
9.279641136721148,10808
6.682153228405932,10809
5.221097343442243,10810
4.847431974086968,10811
4.663707526944407,10812
4.557854556546879,10813
21.27625662407176,10814
11.749659998305324,10815
5.963509139929551,10816
4.06253326525688,10817
2.915052706433595,10818
2.5844215852883536,10819
2.449020564633027,10820
2.369021646559315,10821
21.27625662407176,10822
11.749659998305324,10823
5.963509139929551,10824
4.06253326525688,10825
2.915052706433595,10826
2.5844215852883536,10827
2.449020564633027,10828
2.369021646559315,10829
21.70958613242488,10830
12.309317250322614,10831
6.340536469594892,10832
4.437493675560168,10833
3.2950487029415556,10834
2.9463543678101507,10835
2.8195084631655623,10836
2.7399905907124786,10837
22.67951597029782,10838
13.17855697551176,10839
7.48858684156556,10840
5.55943747553625,10841
4.342825709460262,10842
4.053428967418986,10843
3.933654712182205,10844
3.8547563205904454,10845
21.52041827382422,10846
11.95600080057273,10847
6.105745338460812,10848
4.178072776361252,10849
3.030057226715492,10850
2.708179042643469,10851
2.571215732419055,10852
2.4936739406497233,10853
30.08305196009744,10854
16.7375502387931,10855
9.577035621376474,10856
7.692701464576448,10857
5.470399842041738,10858
5.4914418915147,10859
5.250971759193925,10860
4.482901090188742,10861
21.47288668102213,10862
11.893702932453838,10863
6.109922002903719,10864
4.179002762762753,10865
3.026813645858595,10866
2.719230378578984,10867
2.580391149989679,10868
21.377869241604728,10869
11.892711380260272,10870
6.143694616010842,10871
4.523204906166401,10872
3.4393669032193896,10873
3.0277477707855893,10874
2.8662781186582382,10875
23.824713953955786,10876
12.776310532711939,10877
7.049488705033766,10878
4.7555570827291955,10879
3.6642429948044644,10880
3.4611478606288157,10881
3.189266976463104,10882
21.689723539458377,10883
12.202079736717264,10884
6.404660759419412,10885
4.505535070574362,10886
3.3657150949312284,10887
3.035241028118439,10888
2.9117225365031194,10889
21.801569802299525,10890
12.8885248297752,10891
7.195068366315262,10892
5.075635351924207,10893
3.966481225024223,10894
3.3664638313388084,10895
3.420533919931413,10896
3.155100794007298,10897
22.348825567650383,10898
12.324946664616142,10899
7.35421333605521,10900
4.802528609147901,10901
3.650281193497543,10902
3.204732866745745,10903
3.1621940695603112,10904
21.87064848406477,10905
12.380183617409594,10906
6.576910592401931,10907
4.686479920269731,10908
3.5060950993800972,10909
3.192611138350949,10910
3.044451658572066,10911
2.930747225322317,10912
21.834202141905212,10913
12.598801757975505,10914
6.581530934686288,10915
4.693153982149066,10916
3.502274598111993,10917
3.192309933933978,10918
3.0428423551143635,10919
2.9559245298375587,10920
23.02846217556217,10921
13.679280375136852,10922
7.685839658866953,10923
5.782906016719946,10924
4.783722391646536,10925
4.3135975088815,10926
4.168786404119763,10927
4.03758107844377,10928
22.208330243771115,10929
12.653299202233907,10930
6.933880509369146,10931
5.001652448693391,10932
3.855237011118928,10933
3.536192072046417,10934
3.4014493066253197,10935
3.3052317259268302,10936
21.838606550293143,10937
12.235492606869812,10938
6.52908029090167,10939
4.614956948488184,10940
3.4742999579841967,10941
3.159697740395816,10942
3.0167938479367464,10943
2.929249264032821,10944
12.324683218519203,10945
9.890091839472886,10946
13.347127383990678,10947
8.732519662827785,10948
9.329032713525718,10949
6.749595081234876,10950
9.423144552888832,10951
6.393942661767193,10952
6.027214246547048,10953
1.2180497514286999,10954
14.073990197747289,10955
10.182763048469463,10956
6.778374838833765,10957
7.031472246690168,10958
28.277458422901073,10959
16.490257084241815,10960
9.247356770227828,10961
7.017440496600414,10962
5.6971158553542205,10963
5.196466556912743,10964
5.050865429135939,10965
4.932148197351207,10966
21.725392795833162,10967
12.159358273920073,10968
6.414084798907206,10969
4.515460082587261,10970
3.3576226651787637,10971
3.0444045550997494,10972
2.902096796980184,10973
2.8204215565890216,10974
22.439697522970082,10975
12.85290865491144,10976
7.14358895051405,10977
5.213841935873947,10978
4.067647523473282,10979
3.7501929205995475,10980
3.6114156484714823,10981
3.5236483798816103,10982
21.21140695673515,10983
11.650633383454993,10984
5.9049439663298555,10985
3.994362409688096,10986
2.84588083551455,10987
2.537536580281595,10988
2.386823538328488,10989
2.31181805565815,10990
46.61569884916325,10991
6.459093324530542,10992
6.3101569133646125,10993
5.382685238676696,10994
4.941581639485826,10995
5.709247661246627,10996
21.67178110826356,10997
12.173915898540692,10998
6.384847779128644,10999
4.473230121713903,11000
3.3132035153046333,11001
3.0100751326516892,11002
2.862966817517177,11003
2.7599179779591974,11004
39.09691963807044,11005
38.264347955365814,11006
5.423984540744599,11007
28.95914541499748,11008
17.316043567101374,11009
10.122927447985765,11010
7.86261556703592,11011
6.4358996120473915,11012
6.0288304645733355,11013
5.844331848332925,11014
5.73090126828245,11015
29.14673020770039,11016
17.234584977235194,11017
10.163569866191336,11018
7.7864330912316975,11019
6.390604006023008,11020
5.988802153824371,11021
5.781016906394707,11022
5.67991048316591,11023
27.909583679577615,11024
16.97327693422529,11025
12.518199771552856,11026
9.03252796273067,11027
7.462464578825276,11028
6.124074647889006,11029
5.731522497794805,11030
5.753570124515501,11031
22.215481423094964,11032
12.726073969295841,11033
6.783696963327047,11034
4.999837373921075,11035
3.7545267228933064,11036
3.5351248729603992,11037
3.401604868202166,11038
3.443660582789466,11039
23.33558907690892,11040
13.505351331545741,11041
8.012137122256846,11042
5.866129974321922,11043
4.785051413135192,11044
4.512455153628306,11045
4.417457466179864,11046
4.341485979191094,11047
23.68922179526468,11048
14.347659639888521,11049
8.265818000695186,11050
6.349479825022265,11051
5.213737374015946,11052
4.885773173205251,11053
4.7568885834616905,11054
4.670442812690394,11055
28.920713994543586,11056
17.276460617375268,11057
10.31700603129305,11058
7.8391757184362545,11059
6.428500567595618,11060
6.017684909891413,11061
5.872767656896137,11062
5.770812570278715,11063
28.811432455109443,11064
17.01069946174522,11065
9.962168562677943,11066
7.6423483031115,11067
6.194503232483416,11068
5.800707170821436,11069
5.613006051893706,11070
5.504474501193152,11071
28.052842889505577,11072
16.405582363735718,11073
9.107557667457215,11074
6.82235815569576,11075
5.381500075152637,11076
5.051370463959524,11077
4.774273983280836,11078
4.738934328979355,11079
4.795878412174091,11080
10.07669774794095,11081
8.50238462867603,11082
10.733470187546532,11083
5.840317296240817,11084
55.33905644190492,11085
21.551909603637938,11086
11.977692945364373,11087
6.250169396262494,11088
4.486429063173577,11089
3.197455397661772,11090
2.8510906250999177,11091
2.7219220234520782,11092
2.633295368061285,11093
24.42157328973326,11094
13.628157801022242,11095
7.735855836499964,11096
6.419952604182349,11097
5.332857589091577,11098
4.88332663173535,11099
4.578336599703635,11100
4.3681076492398665,11101
29.38639014816487,11102
17.843267936913627,11103
10.327380719109694,11104
8.406678689720339,11105
7.215418849827473,11106
7.2344416903585245,11107
7.08957262382271,11108
7.01451338763227,11109
115.7634429335983,11110
30.60244109527855,11111
17.486592915734096,11112
15.828929821203833,11113
13.995905092798377,11114
28.440978027494317,11115
17.58372625022062,11116
10.117480748119773,11117
8.054151629798186,11118
6.504109227380676,11119
5.967425824358457,11120
5.830572947835903,11121
5.7169590423556045,11122
29.242922030059653,11123
17.354931964171488,11124
10.381498642048042,11125
7.895447308111323,11126
6.556742289391475,11127
6.0997097198888985,11128
5.958570241315882,11129
5.842727895566858,11130
29.36718367785327,11131
17.504038198567105,11132
10.608508419396285,11133
8.204556294256346,11134
6.890704138075045,11135
6.783397759380582,11136
6.414895121116897,11137
6.319406801604722,11138
24.55372313458808,11139
13.855210152148656,11140
8.636917235740384,11141
6.014881490927671,11142
5.26145919297371,11143
4.868325145206831,11144
4.943045667750449,11145
4.765454308470268,11146
26.447554217030007,11147
13.541681984600835,11148
8.664287145032505,11149
6.190044832107319,11150
4.818022038588892,11151
4.3243871723785015,11152
4.320551684221306,11153
4.208176147931481,11154
86.89634046405807,11155
79.6019568144327,11156
109.18883613861469,11157
34.524317140142486,11158
22.84822038766343,11159
12.52892382401373,11160
7.177694374659932,11161
5.673463768595092,11162
3.938506050133226,11163
3.472170743129308,11164
3.3294402259844715,11165
3.2043493429990697,11166
51.905990282722705,11167
9.537068231271848,11168
9.152328760418637,11169
6.414223780587874,11170
21.567005380382383,11171
12.401737273626717,11172
6.711158373769348,11173
4.373722070244851,11174
3.232565314710362,11175
2.8749226676818735,11176
2.7272293284507523,11177
2.641923834650009,11178
26.984502061124413,11179
20.008731061580754,11180
3.645440748610806,11181
4.200140596731361,11182
26.424699733130215,11183
15.606059544842216,11184
9.491807233640174,11185
7.061554976424667,11186
6.115465552282733,11187
5.8389135810614095,11188
5.952219447843189,11189
5.815847343541306,11190
25.448527820937677,11191
1.7716239098782605,11192
1.882477378381991,11193
2.3871708105295055,11194
35.67091010098368,11195
22.791143366307224,11196
14.153374715606718,11197
7.710312277648551,11198
5.149267013156473,11199
4.343769335010463,11200
3.819675180162397,11201
3.7732479959107175,11202
24.704051289636944,11203
14.263987102122758,11204
7.346933931900584,11205
5.063822466182664,11206
4.138080612442859,11207
3.941758000618659,11208
3.8561252909897936,11209
1.965722055730759,11210
32.52260324944934,11211
5.930081392290828,11212
34.732264652404844,11213
29.17263633433228,11214
17.61728926316106,11215
14.987838513111393,11216
4.5278554894997916,11217
4.250159929631048,11218
2.565385124799849,11219
2.3526392693256235,11220
4.08030834635123,11221
21.071544012976705,11222
11.885185762084147,11223
5.746696769862305,11224
3.8178334999891295,11225
2.6749853988560885,11226
2.352326642874923,11227
2.173150181029781,11228
2.1297732106238128,11229
21.843616177401568,11230
12.009635350062688,11231
6.394561089163262,11232
4.4544204599355295,11233
3.2686321915830936,11234
2.994711665288626,11235
2.5494615872852804,11236
2.7552206714848446,11237
21.899569420243616,11238
12.725607938189304,11239
6.949743956657648,11240
4.670391895717964,11241
3.5061776266048867,11242
2.899786258917021,11243
2.679399611672433,11244
2.660667549207277,11245
8.49649633159981,11246
6.151474380868458,11247
10.938968508960567,11248
28.766336846439934,11249
17.27327113183767,11250
10.027709935539331,11251
7.641779598749536,11252
5.893673075222661,11253
5.606235961026699,11254
5.214423785426046,11255
5.1585624273171895,11256
27.48665717280673,11257
16.33814086743168,11258
8.81963399034141,11259
6.9216665970530284,11260
5.103171355951453,11261
4.655448189307497,11262
4.450771952823352,11263
4.345423517890401,11264
28.21494581665836,11265
16.369039184006155,11266
9.214272461311129,11267
6.851579415372979,11268
5.300141719480812,11269
4.963531031828888,11270
4.76959329397539,11271
4.753104651766873,11272
31.531267165523147,11273
18.172555460575968,11274
13.091676302047148,11275
8.230043243146065,11276
7.5917784570936,11277
27.729133524394786,11278
16.06357520437064,11279
8.148381303183115,11280
5.7676084330197765,11281
4.126186235769864,11282
4.4272007302088365,11283
4.425316425992739,11284
4.379996623192786,11285
17.351076470162777,11286
11.320290904816204,11287
8.824598554444455,11288
8.01397294406397,11289
5.299620322776125,11290
28.058769129188402,11291
17.696749669080948,11292
11.022303082960658,11293
8.205876436742143,11294
11.284360152530724,11295
4.149507777141471,11296
21.089206728007014,11297
11.73627823556927,11298
6.114175341472988,11299
4.224310344980955,11300
3.0448201232809127,11301
2.9687839957017697,11302
2.8131498821024246,11303
17.089324190266765,11304
9.29652048319949,11305
8.18061197017517,11306
6.270683304799309,11307
4.317846596759887,11308
8.142148195677754,11309
12.138313226017411,11310
29.016089841345845,11311
16.240968938322222,11312
9.777118524152737,11313
7.684869485348072,11314
6.138339495882103,11315
5.719390987305369,11316
5.612219641398152,11317
5.5774031682548015,11318
29.048221043725896,11319
16.278061576508893,11320
10.111234602506405,11321
7.582628666004116,11322
6.167019986631139,11323
5.736636350871634,11324
5.600566063482878,11325
5.563105660121494,11326
1.3478612696732146,11327
12.045457902841033,11328
4.72680599096383,11329
7.772126897364085,11330
2.432995400616524,11331
25.739804027915003,11332
12.68995375386724,11333
1.762655738252213,11334
6.472585518734705,11335
6.392489303893287,11336
7.013641343100427,11337
1.445867563721977,11338
32.46151592939385,11339
20.53858244902835,11340
13.247891214786941,11341
11.3607798228576,11342
10.056096537089994,11343
10.586886612310211,11344
13.836743983339193,11345
12.800799003158314,11346
33.18417628113513,11347
22.967116728461484,11348
14.960599511051424,11349
14.034708993609867,11350
1.8731402753639852,11351
2.2295043775005583,11352
16.378116395533585,11353
6.9385807647464866,11354
6.655249332238096,11355
5.180429328568925,11356
6.5498760928405115,11357
4.929147230669421,11358
4.617575490115434,11359
4.700901738166449,11360
23.948171312645197,11361
14.063311533459178,11362
7.692336366819273,11363
5.843123084571717,11364
4.6627606109009045,11365
4.319904308818286,11366
4.179091640284339,11367
4.109704522555072,11368
6.464971939451252,11369
3.539623934109214,11370
15.18319805699493,11371
14.01136996556126,11372
21.889302295199947,11373
12.401124152048462,11374
6.842197001070108,11375
4.7638168703593635,11376
3.535343847598307,11377
3.3352793917901047,11378
3.2765334075237194,11379
3.1724884834637104,11380
25.749339415489118,11381
15.492614096286301,11382
8.805875028356281,11383
6.464266249670547,11384
4.773326633563636,11385
4.685873759905807,11386
4.656824795666006,11387
4.528604890722212,11388
7.555613483714313,11389
4.203495940219016,11390
29.033848758016365,11391
19.197093701342048,11392
9.731544677354593,11393
9.099857799246212,11394
6.781236287884932,11395
6.736765711097656,11396
6.85222335779156,11397
6.374247597602904,11398
22.38850641889863,11399
12.728695014648677,11400
7.085005797022923,11401
4.944194265491473,11402
3.8378635655098954,11403
3.4192047306348017,11404
3.251999521465297,11405
3.1749093857038466,11406
24.084879253927742,11407
14.842465230895872,11408
8.205076733781837,11409
6.525778490606085,11410
4.699714062349366,11411
4.553452742715963,11412
4.279460261937515,11413
4.258443618191414,11414
22.904631980842744,11415
13.304323217099164,11416
7.508654125321941,11417
4.9552658926771995,11418
3.9984109287298875,11419
3.4064121631484157,11420
3.1954121585592854,11421
3.2323970899396928,11422
3.075174363861249,11423
3.1647447708544902,11424
3.0899488736743908,11425
9.677266846569193,11426
12.150717899706509,11427
10.436896548726695,11428
4.109305579569104,11429
13.669961995839301,11430
8.77068721883614,11431
6.620862560023608,11432
27.574101626795493,11433
15.177693028022054,11434
8.157870809109394,11435
6.352415521928889,11436
4.684559859347282,11437
4.463931205195251,11438
4.304667816717803,11439
4.282189015155971,11440
17.700356127681157,11441
9.715634614492723,11442
9.848758324976986,11443
6.375701913982177,11444
28.68984419734973,11445
16.817563799567026,11446
9.728531480032242,11447
7.333619512974929,11448
5.8880934427064755,11449
5.501659404435952,11450
5.317217613474374,11451
5.200955535616914,11452
4.447206153326913,11453
22.15167064291259,11454
12.636289067059389,11455
6.883745854357881,11456
4.923295797616624,11457
3.792785740895231,11458
3.4659734426771283,11459
3.262409449461738,11460
3.257191082882689,11461
22.303749837841668,11462
12.736722761252349,11463
6.964783015264045,11464
4.998979512903058,11465
3.988837344845123,11466
3.6352104470016986,11467
3.4677094514119093,11468
3.389450774147103,11469
21.375492615026428,11470
11.815020568051676,11471
6.053518833342008,11472
4.136893959505418,11473
2.993633056953649,11474
2.6769803799083887,11475
2.527367867309111,11476
2.4507893288199023,11477
21.293532504516925,11478
11.82010592546419,11479
6.041937623275862,11480
4.122723307748561,11481
2.99827544484934,11482
2.695499140681826,11483
2.5242241442572464,11484
2.4484323159584305,11485
22.02643665651215,11486
12.14136382721544,11487
6.430186877815715,11488
4.4085424948021785,11489
3.217291612457303,11490
2.895042703834064,11491
2.7966473812555206,11492
2.703570967618602,11493
22.095388575712896,11494
12.668857784521023,11495
7.561906517787124,11496
5.417420289202589,11497
4.375605725478975,11498
3.9273940319090315,11499
3.781368639264855,11500
3.7029464012370723,11501
21.3518640518013,11502
12.006384661203596,11503
6.2251740042595936,11504
4.6222215456704765,11505
3.5541615093066254,11506
3.1149224234155612,11507
3.2159243165774045,11508
22.468875203410192,11509
2.0011484758012377,11510
7.522503791254836,11511
2.566763919919771,11512
2.600820746916267,11513
26.0130753234293,11514
16.156029793543464,11515
9.615582629154446,11516
6.4912786713804005,11517
5.100105520867313,11518
4.966124490178175,11519
4.841981269869662,11520
4.7432405053855895,11521
25.957645643520802,11522
16.167651067954335,11523
10.066885369450958,11524
6.491404367934099,11525
5.100657310701507,11526
4.970543724588204,11527
4.839921849730636,11528
4.732543296989205,11529
2.3872074670585732,11530
2.796260863708389,11531
2.9119673877500603,11532
15.95722469938958,11533
12.180698779384809,11534
11.258064023265456,11535
9.678107535998649,11536
28.00570649744767,11537
20.0498496035962,11538
13.88593501534011,11539
11.687066054045612,11540
9.68044084881676,11541
9.375286833839468,11542
9.272558840728582,11543
9.050861395548289,11544
23.57453692608969,11545
13.349098768046472,11546
7.983477728832864,11547
5.537772771365469,11548
4.980420370613104,11549
4.229876138801764,11550
4.154495794801188,11551
4.249980261890365,11552
22.368524563560705,11553
12.46094341375509,11554
7.08973667197685,11555
4.763851126748292,11556
3.6560897950372953,11557
3.3983994264755637,11558
3.193932021328206,11559
3.1318146170677723,11560
27.166021775914544,11561
16.70385644640145,11562
9.683836079584468,11563
6.797436606483209,11564
5.549750597574272,11565
5.540508952078144,11566
5.301595174748623,11567
5.084300608796526,11568
3.733506280185834,11569
7.911932797981247,11570
19.951448045325012,11571
1.682374506702816,11572
6.243998335042655,11573
27.52083001343117,11574
16.989365254534146,11575
10.430740448710983,11576
7.356409369615116,11577
5.689075728676233,11578
5.714732220673091,11579
5.373282970456958,11580
5.294613379473239,11581
23.176228472358147,11582
38.25115180110203,11583
6.465339146745872,11584
28.86643479145819,11585
16.558795130290818,11586
9.648246719683307,11587
7.3161370714168985,11588
5.585126007644455,11589
5.342195526314885,11590
5.148285842719357,11591
4.962076397239532,11592
27.51367176239637,11593
15.333820472290444,11594
8.557038752172103,11595
6.1628963608957115,11596
4.72867994983339,11597
4.324624505075774,11598
4.139016445409966,11599
4.033594335804674,11600
26.418247710323246,11601
15.14618606290861,11602
8.373570871856202,11603
6.076032946761943,11604
4.649523154216377,11605
4.253972160801944,11606
4.051073165514727,11607
3.9152432409100633,11608
25.2268693604979,11609
12.723435064179723,11610
7.490292022409398,11611
6.0963516453200475,11612
4.671829788152432,11613
3.873591196752116,11614
4.011367517172873,11615
26.043510273372053,11616
13.863327804654856,11617
8.568567047191163,11618
4.608668938159487,11619
3.2935508893165455,11620
3.2023749394131182,11621
3.2871915661771496,11622
1.9309289218342105,11623
9.371459814264638,11624
69.21292766302346,11625
33.2498471791641,11626
30.41225670858974,11627
30.883585696059676,11628
7.795665295308087,11629
2.7869571902713295,11630
25.590716563643923,11631
16.666922074742157,11632
8.998043499051041,11633
7.8893831428284065,11634
6.27084382602321,11635
6.0624348851170256,11636
6.1167311731719645,11637
5.866221842232395,11638
27.538383169833473,11639
17.575153163663874,11640
10.1564424154015,11641
9.222728990572177,11642
6.1761108968826015,11643
6.178839666446826,11644
6.186587321482228,11645
5.883970349489277,11646
9.76700124662173,11647
11.838494788205198,11648
11.43270863050502,11649
51.26242676136633,11650
29.927305114738854,11651
12.956572559666139,11652
11.952846170947439,11653
3.0010385998354696,11654
3.2383209721485287,11655
4.838332015664806,11656
1.2045132451855205,11657
1.3348705969426522,11658
4.373106191763887,11659
4.865614097922146,11660
20.593684346839282,11661
10.966265181078093,11662
5.290400635499036,11663
3.3748683785640283,11664
2.2186359886901665,11665
1.886552212346612,11666
1.7753933825685015,11667
1.693490891818322,11668
8.589426242692502,11669
29.987125313960487,11670
25.138753717715517,11671
15.010550840967335,11672
8.784245326475473,11673
6.667162075930626,11674
5.3628069109717735,11675
5.220203923500761,11676
5.038640078406748,11677
4.847469700044056,11678
27.682836009646543,11679
15.600318780087616,11680
8.618502751652263,11681
6.421635042483889,11682
4.710434437211442,11683
4.392354072155166,11684
4.1253946505642975,11685
4.170175664449512,11686
27.327679801731826,11687
15.572643977470074,11688
8.653784895873413,11689
6.434123832877175,11690
4.659092995343721,11691
4.270735604609333,11692
4.028329038310247,11693
4.09554679421019,11694
28.672100788934014,11695
16.18440468220269,11696
9.206881460275332,11697
7.177485429005,11698
5.661918863815427,11699
5.020613954374044,11700
4.880095224244125,11701
4.771117331286524,11702
28.10295245651784,11703
16.491012478161434,11704
9.410432134739736,11705
6.773024936083984,11706
5.492209527816765,11707
5.239119963579624,11708
4.896677690484037,11709
4.997824849686757,11710
27.583244916815197,11711
15.868905771584572,11712
8.752302569657028,11713
6.3794771133725305,11714
4.937273799107204,11715
4.548952312811219,11716
4.362831163344005,11717
4.248662077475155,11718
27.502380054239072,11719
15.811325651912544,11720
8.66527331783915,11721
6.2797981564312,11722
4.86153396754931,11723
4.454375839068819,11724
4.268127803084237,11725
4.142329916066208,11726
27.54552907411764,11727
15.803870471949523,11728
8.679081395037299,11729
6.300283001102303,11730
4.891820304026086,11731
4.507190015199132,11732
4.318248490277659,11733
4.1771955245069305,11734
8.902793767704434,11735
15.26428351011839,11736
10.716582758953605,11737
8.576278088369687,11738
15.339605220805161,11739
10.772250144426344,11740
9.141114800420214,11741
9.366255205176005,11742
4.981401638105608,11743
4.930645819359232,11744
4.5515162016972495,11745
4.115917103505014,11746
31.172900123269375,11747
15.783544929149658,11748
12.856113976880156,11749
5.084574851891448,11750
4.249703569441997,11751
14.382255928229164,11752
14.630468269532905,11753
11.92317113017702,11754
23.497862738510847,11755
17.822298727568946,11756
16.5198088281216,11757
11.481817871762475,11758
56.011940292017,11759
68.42908983212818,11760
27.73630277623064,11761
48.08467407525953,11762
32.85541081711048,11763
16.075689923874933,11764
16.247339633998408,11765
11.720622854007553,11766
27.80912347170655,11767
15.884565024627967,11768
8.913336730262118,11769
6.479170924483912,11770
4.882746149984007,11771
4.258069342959306,11772
4.189960667553275,11773
4.367394454416908,11774
27.713027237762525,11775
15.893990169853037,11776
8.871352261146242,11777
6.470642708343054,11778
4.874541007364538,11779
4.455422987927651,11780
4.387456032519537,11781
4.305482278394161,11782
12.333964959941008,11783
21.498345221357585,11784
5.635533927564057,11785
2.080696115415282,11786
22.34968901165188,11787
12.489335163618552,11788
6.821095146774905,11789
4.823872465547318,11790
3.6321050501473753,11791
3.345076056760155,11792
3.229256504671169,11793
3.1448069232865232,11794
3.195190560279822,11795
27.692578151589828,11796
15.86188843021488,11797
8.771545995775579,11798
6.383557497543298,11799
4.947798313964862,11800
4.540393975619561,11801
4.362178942294083,11802
4.254492078064128,11803
27.68013844075217,11804
15.744295848383718,11805
8.767726938686703,11806
6.377216243799109,11807
4.933381483217919,11808
4.53854197646524,11809
4.363460547075514,11810
4.255441401953501,11811
7.427194869069937,11812
10.011169758294423,11813
6.9727256930775,11814
6.474258605287165,11815
5.618909478980965,11816
3.2890772926994365,11817
3.6042693349036474,11818
3.648471150619878,11819
6.82943943784652,11820
25.35186956812949,11821
16.09487133976015,11822
7.717063962691108,11823
6.076735766025393,11824
4.6883371824814555,11825
4.481333727975564,11826
4.241211589066325,11827
4.090969152434988,11828
7.199926772947066,11829
6.6122058899040494,11830
5.646871320904908,11831
55.912463265929745,11832
43.95788260948406,11833
45.24869332235288,11834
25.260156916215887,11835
25.554539545864163,11836
21.094577162002558,11837
28.83892785060966,11838
14.906247543586995,11839
17.914107052481206,11840
14.11289045098415,11841
13.088182041139024,11842
3.216405246793642,11843
19.325780839222872,11844
12.32117285547368,11845
11.376729017099679,11846
11.065721748683107,11847
2.7131117195229653,11848
2.7447780689752834,11849
3.190082950888447,11850
3.190082950888447,11851
6.362001970015037,11852
6.06006205121317,11853
9.61857803680223,11854
27.804630538833223,11855
16.344328205072998,11856
8.943593425482538,11857
6.7247063038377535,11858
5.282147604023163,11859
4.84656513861786,11860
4.667871291144605,11861
4.55621706967202,11862
25.57752636592867,11863
14.175192257322385,11864
8.419580146172164,11865
6.017921694212473,11866
4.7408635901014025,11867
4.3881669963558,11868
4.193359021390025,11869
4.1513033815756,11870
24.40628633293973,11871
14.310107291044218,11872
7.501671314586942,11873
5.300002549482914,11874
4.205473681475122,11875
4.09325211286032,11876
3.768475532414834,11877
3.736311952319457,11878
26.27034959340434,11879
14.146458161739528,11880
7.8982640172712815,11881
6.0432750988525195,11882
4.657980306820425,11883
4.527116349327094,11884
4.1795625741958755,11885
4.055026345465049,11886
27.764175145097518,11887
15.806130018296962,11888
8.964037429728041,11889
6.3827138822144835,11890
4.961292824500615,11891
4.567192216789481,11892
4.267934122943615,11893
4.1717421695271995,11894
21.91427851390389,11895
12.394996927864966,11896
7.072288078984974,11897
4.955231041995626,11898
3.783863563190459,11899
3.4136130280665684,11900
3.30127263742045,11901
3.221277802576727,11902
39.25283869856686,11903
11.598218526174081,11904
57.630571396511364,11905
8.874165924852145,11906
8.101828139081643,11907
9.192692721701542,11908
10.37546272718616,11909
21.82989458207467,11910
12.170058004754646,11911
6.381691856027863,11912
4.371108923676952,11913
3.157407313711712,11914
2.819805688304834,11915
2.958828926440958,11916
2.892223495158093,11917
10.29235047237199,11918
29.867078165428858,11919
23.213344461697915,11920
12.398796597248152,11921
8.241923765397768,11922
7.035247483695219,11923
6.350202854119774,11924
6.399429180890504,11925
6.018967028299508,11926
11.007434256428311,11927
17.22210558909098,11928
2.828104565684322,11929
1.87100389239235,11930
2.6170874533342476,11931
4.606887834241198,11932
9.204537404894813,11933
17.776943840186433,11934
2.1145635489268466,11935
2.004470783945139,11936
1.8839406816071769,11937
1.8826780713385673,11938
1.6088509153085904,11939
8.805030531446242,11940
29.974578287204515,11941
15.189655832004144,11942
8.706646327455358,11943
7.029443540380144,11944
5.287913633667807,11945
5.348711275942736,11946
5.495106779322003,11947
5.073733959443341,11948
30.170829412350916,11949
22.40045493355244,11950
13.017709987601524,11951
7.163612561805533,11952
5.282939625894686,11953
4.135678845048782,11954
3.823979897218965,11955
3.673206342718591,11956
3.588713486955272,11957
21.67345461049382,11958
12.102708615587142,11959
6.346706743744196,11960
4.4212581386927825,11961
3.2785274435866314,11962
2.9465905635370677,11963
2.8089556976309713,11964
2.7388789796430304,11965
21.832949397900496,11966
12.207731439691656,11967
6.5333771317901626,11968
4.631897233631131,11969
3.4839913191601632,11970
3.1693668346629535,11971
3.020587406532641,11972
2.9376411727196836,11973
2.9903652672265646,11974
2.849739097070729,11975
3.6325848276377877,11976
28.335849036238358,11977
17.30663165764378,11978
7.914403478963526,11979
6.661899900168039,11980
5.433875646318739,11981
4.818747561986339,11982
4.573289833666547,11983
4.442166200931997,11984
29.491765287061703,11985
17.5652040908894,11986
10.923405662485473,11987
6.840232867532677,11988
5.507695384252935,11989
5.281154805642194,11990
4.906349371349542,11991
4.758101159150293,11992
17.190603382509902,11993
4.832332461323713,11994
7.317335361602469,11995
6.903329430952972,11996
6.844357647366347,11997
4.374529755257623,11998
12.35632525587417,11999
22.445063777220277,12000
13.065617728202941,12001
7.455202291380031,12002
5.191034171258191,12003
3.953861372223315,12004
3.8451224494035583,12005
3.558091560657998,12006
3.441145703967717,12007
19.21579923861423,12008
9.581354182236236,12009
15.97654157654782,12010
10.521512524681013,12011
7.606916186715757,12012
6.326218174859367,12013
4.94396924275467,12014
4.910745092341929,12015
28.220600786573588,12016
16.26382147614478,12017
9.26911684866272,12018
6.776043153265217,12019
5.09797408282238,12020
4.998911504063329,12021
4.7604490616136435,12022
4.714842088067793,12023
37.07111300541657,12024
8.832013247947529,12025
7.363729279431192,12026
7.318815967675629,12027
5.375337975169225,12028
5.294893811653021,12029
10.516236423025832,12030
8.824602952596404,12031
8.766405643130769,12032
5.152056999660722,12033
7.941186941601561,12034
21.985194775310482,12035
18.878527259802215,12036
17.663205685743815,12037
13.231588377087775,12038
12.485249951343969,12039
5.757418743920205,12040
17.66409424431004,12041
8.900452139643404,12042
7.4624819558892455,12043
7.535471728388152,12044
19.422161205019304,12045
9.775196421475684,12046
8.099301472352222,12047
15.52936643735462,12048
8.966886332859021,12049
8.911365480354666,12050
8.667463866491431,12051
11.080362434093603,12052
4.421813833906847,12053
4.52559808051146,12054
11.080362434093603,12055
16.78598449071116,12056
23.937539867925903,12057
14.421240155094901,12058
8.371966860365252,12059
6.321463094397277,12060
5.115124087341766,12061
4.854008577844387,12062
4.6481766340068225,12063
4.6467159819821315,12064
22.445456186727103,12065
12.865110122872876,12066
7.2541697783213355,12067
5.258652702972483,12068
4.11936034395582,12069
3.735444244400542,12070
3.6262358815054148,12071
3.443143765037859,12072
27.572178660247914,12073
16.771349503464787,12074
11.515803452902924,12075
8.923806426684493,12076
7.583212866702207,12077
7.307457049996475,12078
7.100429390816213,12079
6.934535631043472,12080
23.01708659098371,12081
12.137628272513629,12082
6.167798994406493,12083
4.44473239064814,12084
3.2086018690906237,12085
3.205299623702529,12086
2.8384641816380505,12087
2.724629121164175,12088
22.80359044489821,12089
13.050865825795556,12090
6.915487434564232,12091
4.614193715632948,12092
3.43906032499467,12093
3.0640188340245853,12094
2.6788991892034244,12095
2.659747441858546,12096
22.137548915795985,12097
12.956653641809508,12098
6.86196582182604,12099
4.9591553111979545,12100
3.8391601851902077,12101
3.455431286697997,12102
3.235746920866034,12103
3.086780318791482,12104
32.26791202987656,12105
7.777494040090794,12106
7.721218654374682,12107
2.2132698569394362,12108
127.82946115393412,12109
11.341069346266808,12110
6.781702529066351,12111
21.58858726024171,12112
12.5641228199859,12113
6.5936498002675,12114
4.521652051476686,12115
3.2678432466649596,12116
2.8251943530511836,12117
2.6907960547134637,12118
2.606655838107361,12119
22.19703495587066,12120
11.917129527909234,12121
6.243913521234558,12122
4.588367562458474,12123
3.4159525681518534,12124
3.1518425364795655,12125
2.99243272411098,12126
2.9356221562389906,12127
21.86113991751117,12128
12.279168241320269,12129
6.420715712640221,12130
4.445041930428915,12131
3.2519895907678604,12132
2.932771818859842,12133
2.8436332160147755,12134
2.751961437398072,12135
23.246952724545714,12136
12.819086892978966,12137
7.161651160186039,12138
5.009050998848811,12139
3.881415519093208,12140
3.322292211167113,12141
3.28779922337695,12142
3.1585263973767335,12143
21.4850821612762,12144
11.887314954120539,12145
6.190910228794898,12146
4.249575090736735,12147
3.1320570298385046,12148
2.7869072383252727,12149
2.64731688123389,12150
2.560267868941559,12151
17.706705570065676,12152
31.965990277387185,12153
5.350746512014998,12154
5.377821590617322,12155
21.812591189286476,12156
12.248445467104904,12157
6.507281399997416,12158
4.5962400185268875,12159
3.446851877823227,12160
3.1319657921334247,12161
2.9907879529821457,12162
2.9020438360871994,12163
21.80407026222158,12164
12.283438140994033,12165
6.288650517977473,12166
4.357153432934763,12167
3.180076515298978,12168
2.818850940271741,12169
2.6706738022866143,12170
2.604911993743416,12171
24.107456624549922,12172
14.321500529304897,12173
8.00827727208548,12174
5.825049635646506,12175
4.999734011693599,12176
4.80244346047854,12177
4.761725888291421,12178
4.512237079755705,12179
25.116839647110773,12180
22.74963320271068,12181
17.61476187104913,12182
24.088436901057214,12183
11.432440986986759,12184
51.961868300244454,12185
16.231437326990317,12186
11.272052501590212,12187
11.000913228681219,12188
10.023314900175722,12189
15.38681306850739,12190
16.517658687643756,12191
18.900796352474437,12192
21.456298059751227,12193
12.119157245264372,12194
6.253801459750578,12195
4.2908938774430085,12196
3.1641889607690943,12197
2.86703378227885,12198
2.714436317629138,12199
2.629607081487799,12200
21.650517089059655,12201
12.858405066961701,12202
7.600750886621246,12203
4.81269178171708,12204
3.4897020982666986,12205
3.3586189121103374,12206
3.3621188361108563,12207
3.4213814039386627,12208
8.49531936454949,12209
6.487507187972888,12210
6.231967770709892,12211
3.2235414334849115,12212
22.234951048495542,12213
13.064951661355874,12214
6.730443435545534,12215
4.639601829651466,12216
3.425637035160951,12217
3.141037024076395,12218
3.206422557931442,12219
3.182183232808758,12220
21.97440544226902,12221
12.608998533473237,12222
6.754954975037759,12223
4.3231686666662155,12224
3.2127978629193326,12225
3.0237667426473394,12226
2.864744877104374,12227
2.798110166687281,12228
21.448631829520192,12229
12.120110461066764,12230
6.311434344307807,12231
4.135171194611631,12232
3.0451260086265672,12233
2.8929928588396034,12234
2.7499343334847186,12235
2.660280443212387,12236
26.122758894052108,12237
15.023803691665686,12238
7.842832015469643,12239
4.656516222159631,12240
3.0642923312781245,12241
3.0645316086027945,12242
3.047523790143008,12243
2.9976245247357434,12244
58.401970286996495,12245
26.95945974106297,12246
27.848599339504936,12247
20.32786669204747,12248
12.74244585312301,12249
22.260582920105094,12250
12.57993150587044,12251
7.602543029387916,12252
4.968881655964519,12253
4.062517231473501,12254
3.528769534256182,12255
3.56012972665492,12256
3.417218695808809,12257
7.34319343125922,12258
6.559071294084922,12259
23.82097723389352,12260
13.795110446477375,12261
7.713838546007914,12262
6.261825264295347,12263
5.218157684815757,12264
5.336021603512301,12265
5.082387612811048,12266
4.9260410136886605,12267
25.62625239715198,12268
15.864524626880012,12269
8.647015596658601,12270
6.978899921034128,12271
5.88619360857485,12272
5.60550572305645,12273
5.312945124571832,12274
5.206784899131873,12275
26.277441604891525,12276
16.53084957474983,12277
8.172540382234976,12278
7.055880332894829,12279
6.4109420433612225,12280
6.214253170468181,12281
5.951157610063697,12282
5.315597531950304,12283
28.966606443682398,12284
16.58063919840274,12285
9.902253076471519,12286
8.014386976163346,12287
6.1196827885960525,12288
6.0409127863243794,12289
5.842275007039529,12290
5.679134736886901,12291
26.13079948390131,12292
16.263062528251222,12293
10.192920901435315,12294
7.966469330266312,12295
5.661673321719356,12296
5.591582003593404,12297
5.446360388683666,12298
5.336462933260464,12299
6.666961696042343,12300
5.834535051547406,12301
4.2701867435151355,12302
27.814124574238598,12303
15.992970883726954,12304
10.695727425466687,12305
10.237515713390916,12306
22.414156645645097,12307
9.711994046539877,12308
7.278626666650603,12309
25.44956356550747,12310
13.110675517788593,12311
21.721003223213284,12312
20.97077728933482,12313
22.68434049754995,12314
7.570625083699206,12315
4.506588454196043,12316
4.34168166576291,12317
3.8919240639400106,12318
41.72804334585942,12319
6.53252656089944,12320
34.663266929074666,12321
19.514737432224084,12322
14.900788431109556,12323
11.155224956619007,12324
10.527177916774518,12325
10.423255289784082,12326
8.857903631331437,12327
34.663266929074666,12328
19.514737432224084,12329
14.900788431109556,12330
11.155224956619007,12331
10.527177916774518,12332
10.423255289784082,12333
8.857903631331437,12334
2.3009613108186286,12335
34.98517078401463,12336
24.617942332323672,12337
228.84103454417163,12338
138.29589728389647,12339
93.54481639960368,12340
60.088921142965866,12341
2.650447851623453,12342
7.497517781253288,12343
5.898245689107183,12344
22.568081510095222,12345
12.810323532179599,12346
7.355687993841905,12347
4.967536319725006,12348
3.626441655291988,12349
3.3237998658274535,12350
3.1847427837190923,12351
3.190149426481684,12352
3.3481806273727126,12353
23.204396239119948,12354
12.911101074565623,12355
7.479629161535725,12356
5.131358255157288,12357
4.032903144248489,12358
3.7017902917905556,12359
3.5652452577929625,12360
3.446995914588259,12361
22.235914334441272,12362
12.193460852617862,12363
6.626515742723777,12364
4.491146853521414,12365
3.236672978539978,12366
2.942193357640602,12367
2.803610772898483,12368
2.675770160647302,12369
27.967436740481045,12370
16.690638881606937,12371
9.100969424826857,12372
6.258745737901083,12373
4.747789262326388,12374
4.544464085452864,12375
4.345526786683013,12376
4.222716897986805,12377
5.680117576566411,12378
28.237490092615836,12379
21.39144554970698,12380
9.883999893413023,12381
8.150367373165539,12382
5.636958244998127,12383
5.31916088121426,12384
30.64670504052304,12385
17.062015119639433,12386
11.99660004779542,12387
7.789590701770537,12388
6.5769925294679235,12389
6.300455171124922,12390
30.941203849007692,12391
17.189452258958113,12392
11.612574265907309,12393
7.870316848155651,12394
6.5722449405790275,12395
5.96950378466773,12396
32.21764557203366,12397
11.874038262479905,12398
10.961238301534443,12399
28.82362477746739,12400
16.764471986738815,12401
9.772522020743029,12402
7.39399684792273,12403
5.96120383349956,12404
5.526836034833979,12405
5.376821389902443,12406
5.262668506602976,12407
5.489368454824534,12408
4.823257880664506,12409
4.197685703050571,12410
24.208980665873344,12411
15.217327228811323,12412
8.193757978720676,12413
6.618694481473226,12414
4.8347661804874,12415
4.555296966598119,12416
4.431319980036334,12417
4.353440076082232,12418
5.383147627342838,12419
25.763569111360017,12420
15.543984343172106,12421
9.436917581523911,12422
7.38672713449351,12423
6.174411851276207,12424
5.800598476410405,12425
5.67462634573809,12426
5.586885091952923,12427
25.576930039642917,12428
14.202338122852428,12429
8.811653736580574,12430
7.137922294644946,12431
5.80607877051153,12432
5.428083378968501,12433
5.374488148761748,12434
5.254182566124779,12435
11.66671015298922,12436
7.4384867823205285,12437
427.6938133934265,12438
11.560590435058234,12439
7.040779668780097,12440
26.003130771034712,12441
15.48893910783,12442
8.85306151273594,12443
6.276147638985443,12444
4.920005107118002,12445
4.313199881873573,12446
4.343562714405918,12447
4.162964311316797,12448
55.014486212842314,12449
25.275223140194882,12450
4.257013776554891,12451
53.74004078735644,12452
17.06474066061866,12453
4.397083299427947,12454
3.7737577943037794,12455
2.698553437532963,12456
11.557189557891144,12457
29.96962459487462,12458
7.911633663596014,12459
3.969126837743088,12460
22.754558723098434,12461
17.498131883830506,12462
2.257269100739254,12463
2.377424432229553,12464
2.5150053031673245,12465
20.59724978696858,12466
139.17515113241004,12467
48.58141623279299,12468
15.101586070396822,12469
10.156979076025078,12470
9.813947123055566,12471
9.933509716845172,12472
6.441999125536634,12473
6.446853851117916,12474
2.255109601991244,12475
21.35021773202645,12476
11.800168127385486,12477
6.028729240292522,12478
4.146596163285605,12479
2.9718098765266348,12480
2.6826087372854417,12481
2.530951151441851,12482
2.453073824214711,12483
21.678870260727354,12484
12.005360975310797,12485
6.29499681661933,12486
4.412507243984799,12487
3.264847678368492,12488
2.952625208243331,12489
2.810929361617447,12490
2.727555369319374,12491
22.301724929754418,12492
12.288251690782603,12493
6.711437647009967,12494
4.577704452520969,12495
3.615505931182988,12496
3.2473747415974814,12497
2.9305946085044052,12498
2.853853549332019,12499
23.386376523283115,12500
14.183242238033012,12501
8.110287238859964,12502
5.527378466833731,12503
4.544048127863036,12504
4.59808765368148,12505
4.549521980693722,12506
4.71086930617423,12507
7.414579794415652,12508
2.2368575038086638,12509
2.303585864972747,12510
29.022034326793975,12511
18.349634982792626,12512
11.647464855808671,12513
9.746280169265166,12514
7.178515392019882,12515
7.062412472229586,12516
6.892552575309093,12517
5.911406370749607,12518
29.000989965659837,12519
17.700211770645836,12520
13.147407773029991,12521
10.19960244181641,12522
9.639286727934882,12523
9.071579106119101,12524
9.046256015531789,12525
8.617681526554572,12526
22.22352480267205,12527
12.114749529357038,12528
6.245080482411974,12529
4.478691247807356,12530
3.236469273504036,12531
3.0035751235645507,12532
2.713436009659323,12533
2.5903519770314,12534
19.36583176302,12535
12.745254093434443,12536
5.709959614178273,12537
31.536139025927675,12538
11.08266233928555,12539
5.724619594732245,12540
10.335374674745694,12541
10.34211039311571,12542
22.312731374618718,12543
12.045919046797978,12544
6.321773876145654,12545
4.807849437169025,12546
3.5833032244978877,12547
3.274729602350281,12548
3.2200925549071147,12549
3.179384234064262,12550
29.660148914775412,12551
36.34041850389427,12552
31.36471659142341,12553
1.8315330307303164,12554
34.99641342291305,12555
10.335706777573822,12556
7.027493025635612,12557
2.64545509637575,12558
2.80407906217965,12559
2.3940849300925535,12560
24.620068544168923,12561
15.074766357802416,12562
8.446164242175206,12563
6.50250956932171,12564
5.331838463091883,12565
4.936697197318815,12566
4.667475567048764,12567
4.671545533756139,12568
9.633931220984653,12569
14.933959608223118,12570
12.777357282297809,12571
21.765608221848364,12572
12.213594878486614,12573
6.348448120466509,12574
4.3262536863438985,12575
3.2234240367853637,12576
2.9844504998441326,12577
2.8416171078971275,12578
2.7507266477869705,12579
55.10680062275991,12580
29.911172898870223,12581
30.10536727704384,12582
31.8234507365155,12583
68.58646283849117,12584
26.328646720471088,12585
25.75377590672536,12586
29.972551783360828,12587
71.32408080913702,12588
30.219430534997514,12589
30.104559928424795,12590
31.92698015170349,12591
54.444054779421286,12592
31.209600548606247,12593
29.883758766983437,12594
29.728423321383584,12595
21.489123526146706,12596
12.05774122708081,12597
6.408783190314667,12598
4.42858384664207,12599
3.2512022518652803,12600
2.9515268592983954,12601
2.805910144181437,12602
2.7220950635501913,12603
25.613324265577067,12604
16.962164093249854,12605
6.938102466912417,12606
4.814438369318662,12607
4.612273749519353,12608
2.99731310395513,12609
2.55905719072231,12610
2.5807721438843636,12611
7.69741873411199,12612
52.840083205335134,12613
25.401995174300506,12614
14.98625764411441,12615
8.94258591185723,12616
6.7110576161274755,12617
5.61620475946434,12618
5.388313483357908,12619
5.145946989295102,12620
5.106953155279341,12621
29.262032782241196,12622
17.350209604707146,12623
10.184788197225437,12624
7.799077296728984,12625
6.262905553918753,12626
5.914936839229635,12627
5.7136444109009945,12628
5.6036811423962005,12629
29.262032782241196,12630
17.374286937652368,12631
10.184788197225437,12632
7.798837811569957,12633
6.2614434177065705,12634
5.912280215199648,12635
5.711065120665164,12636
5.603192641903408,12637
4.751787953522566,12638
7.575666726267491,12639
18.04606445408015,12640
9.273751318541898,12641
5.576754862451306,12642
11.979066695452287,12643
11.182157768048212,12644
28.43652560730376,12645
18.665075639281643,12646
10.968906321564257,12647
9.115086805181454,12648
7.9292649373245325,12649
7.421700899551405,12650
7.532144263987371,12651
7.23270389501743,12652
5.721445680781839,12653
31.911958502117827,12654
86.3374518893945,12655
23.7681850077806,12656
14.19281322782194,12657
8.454916414025078,12658
6.54769838101302,12659
5.376470319373491,12660
5.075482845947974,12661
4.936340102765439,12662
4.849790509586878,12663
22.85505988429833,12664
13.01061965572472,12665
10.860335405102456,12666
10.405030556640273,12667
8.214776410000846,12668
9.886574965728462,12669
28.258066216990336,12670
16.3040469937502,12671
9.098249504432788,12672
6.75802473352627,12673
5.425752601584496,12674
5.02540793973427,12675
4.851196776111104,12676
4.6865955909626384,12677
28.203718114331135,12678
16.62382445688166,12679
9.461180783231248,12680
6.8064335859758165,12681
5.678010876909489,12682
5.3854034790963805,12683
5.012870638766092,12684
5.169781665505281,12685
28.203718114331135,12686
16.62382445688166,12687
9.461180783231248,12688
6.8064335859758165,12689
5.678010876909489,12690
5.3854034790963805,12691
5.012870638766092,12692
5.169781665505281,12693
17.767045307171372,12694
13.857696144164084,12695
15.563196640760866,12696
5.041623160506753,12697
16.927538141822122,12698
8.817726864100146,12699
8.225009946753131,12700
6.46798879564851,12701
61.78627178247298,12702
5.659171772496372,12703
8.968513434761325,12704
4.569839204738377,12705
3.255269559981189,12706
3.0547045048051396,12707
2.7214323321038743,12708
2.6571942683839556,12709
49.45312714665767,12710
15.353980469246997,12711
23.743518307565957,12712
16.4191263895083,12713
2.660627204441869,12714
3.093597571991598,12715
2.7847214392129525,12716
9.100412806863982,12717
2.9616896494607743,12718
2.8720800750306834,12719
2.7329606429259963,12720
2.5441029617297626,12721
19.70106796830851,12722
22.2488628522724,12723
25.027457478224758,12724
12.00060312759849,12725
14.61306405725342,12726
7.803710070742379,12727
42.579220310952046,12728
35.289264949242614,12729
14.973782945516241,12730
13.480278680269764,12731
9.011669672322316,12732
24.33814383606858,12733
15.49970915131499,12734
12.93858502488015,12735
7.926251050015011,12736
7.274809920739408,12737
29.635055372064492,12738
17.8841441988262,12739
10.748453461499565,12740
8.358478339597559,12741
6.943001797886301,12742
6.530733091507907,12743
6.403451671069664,12744
6.244106464591007,12745
7.689235816984599,12746
2.4493309098224447,12747
2.0317877242161853,12748
150.58839141609502,12749
33.445784268893334,12750
28.08560508884394,12751
16.289420874053405,12752
9.019875523152635,12753
6.539425965807922,12754
5.486208465623418,12755
5.125520600787607,12756
4.94224744248096,12757
4.826120963245627,12758
6.221186110145494,12759
5.976594813904487,12760
10.86578325937331,12761
8.264484123567135,12762
8.119998689982644,12763
7.942337509451003,12764
27.68149088669553,12765
15.864260252489503,12766
8.736388891432014,12767
6.373290752272219,12768
4.942430063342589,12769
4.562775452327167,12770
4.373311284690515,12771
4.248185661754339,12772
26.90404316502933,12773
15.58963023718072,12774
8.48824097158696,12775
6.161942215691233,12776
4.74317271350515,12777
4.343562017772513,12778
4.144454941168692,12779
4.0491774394181625,12780
24.981198919778787,12781
14.16747986454108,12782
7.555093492646338,12783
6.711229722428961,12784
5.16176174148688,12785
5.226013566712576,12786
4.785438433766601,12787
4.785374519966754,12788
28.903676740282904,12789
16.781171414968295,12790
9.744650422384789,12791
7.263318930467104,12792
5.906314045953622,12793
5.674227598888254,12794
5.655066321786925,12795
5.312057049473191,12796
4.039117699652998,12797
3.4494054002285215,12798
11.908461878170005,12799
7.606668236926394,12800
12.265879941771207,12801
8.471048076349106,12802
2.983074351383626,12803
21.810547122816445,12804
12.19496486407604,12805
6.401323774088754,12806
4.380387489979767,12807
3.2672936262229646,12808
2.9489298879737427,12809
2.7744612454153006,12810
2.6853833635442452,12811
5.283049310224516,12812
26.000671727583583,12813
17.60931807087862,12814
10.067283256498907,12815
9.303351007975905,12816
7.676345849422773,12817
7.914321480214989,12818
7.2065111406645705,12819
6.691649859045206,12820
11.203934506215537,12821
26.354613343310035,12822
15.294147094350214,12823
9.341206130326992,12824
7.110785273224054,12825
5.874066897955753,12826
5.250902916043412,12827
5.010044831289486,12828
4.855581055035162,12829
31.14371547727935,12830
6.8062235525627095,12831
1.8685525785778938,12832
9.729469774482475,12833
8.577099046750204,12834
4.354193736695624,12835
23.312374100086586,12836
19.006705422088206,12837
15.92050131330822,12838
15.963424300114264,12839
11.603659125999972,12840
4.388581434596321,12841
18.119989724188088,12842
9.556078506799645,12843
2.6612281411250382,12844
40.18573739229557,12845
33.99070887381701,12846
38.88149803567856,12847
16.588705249912586,12848
10.415729314565684,12849
8.48976738236875,12850
8.76682861029374,12851
54.239593041577415,12852
23.458978913875807,12853
13.66327920038606,12854
11.57301885773785,12855
11.081693167542571,12856
7.00777294943306,12857
7.439226024667144,12858
18.718533612066835,12859
25.131134953423558,12860
14.715716359264482,12861
8.899758667602299,12862
7.002274359966894,12863
6.092209006941551,12864
5.570861086654665,12865
5.092178891795672,12866
5.200795366091948,12867
11.072284800950005,12868
11.689926559800451,12869
30.240312342046277,12870
21.43686134722404,12871
15.831111856486096,12872
15.967690154557099,12873
15.833897306684204,12874
59.76737102490269,12875
20.890995416054977,12876
35.992825971240585,12877
4.327709569724168,12878
26.05199909153534,12879
16.90163042417997,12880
10.471681518889667,12881
8.718751669241247,12882
7.60429458123795,12883
7.18482508303501,12884
7.04908975009758,12885
6.91808028524901,12886
26.91372337159732,12887
16.744286799041948,12888
10.260779118603908,12889
8.801718365568425,12890
7.59879153482987,12891
7.222246175910011,12892
7.097471018908505,12893
7.009860723047749,12894
16.33606809506546,12895
24.410063175923153,12896
15.565094500642182,12897
8.394905146787375,12898
5.635422837515654,12899
4.592952823051346,12900
4.296296619325275,12901
4.156578774045193,12902
4.082252392103988,12903
24.211410892555836,12904
15.626328103109541,12905
8.404146428576482,12906
5.670830992826774,12907
4.620700828580852,12908
4.2854371813166505,12909
4.1666009910796875,12910
4.078435100400906,12911
19.190442445340665,12912
11.168630462591272,12913
9.120932980124078,12914
7.74754276567095,12915
3.209815634392936,12916
17.4325023566021,12917
1.513938508017083,12918
7.710299171920894,12919
13.801017776207862,12920
13.47252442502719,12921
9.780064821152433,12922
10.693144231643808,12923
5.730757634199124,12924
4.504160689954321,12925
3.2809987253539785,12926
2.9813136231178605,12927
2.7060895838141756,12928
36.49301133341536,12929
33.811478771030814,12930
24.884354360671797,12931
21.38642489100473,12932
15.884633326898213,12933
11.399266190617665,12934
9.515792080845697,12935
1.894616487252697,12936
10.754560662260705,12937
19.258892152567324,12938
10.19239188659308,12939
2.4961511757653665,12940
4.651010550951472,12941
10.90279712760288,12942
7.7769048095151865,12943
4.95458646679051,12944
6.118178243291371,12945
3.016485261044113,12946
7.332436926806192,12947
4.481995504934843,12948
4.068861852943369,12949
2.0627962094115024,12950
7.98931559719718,12951
3.6197607005526162,12952
4.782147578010387,12953
17.484835280850966,12954
2.185925417286875,12955
7.0863084984115154,12956
2.9727397019934108,12957
3.452876321199077,12958
23.935948973205836,12959
16.469366073599236,12960
10.626688294444667,12961
8.488110843939344,12962
6.481090647249425,12963
6.423429625735063,12964
6.246193934275839,12965
5.994248260268643,12966
40.52091277909857,12967
27.685477406276675,12968
35.81024606862409,12969
16.199098486668444,12970
12.554905929466939,12971
8.8141970723527,12972
8.832830296698068,12973
17.154914456460947,12974
25.869656595767427,12975
18.50749906722225,12976
16.82006881179694,12977
14.464426101082903,12978
13.852599120044843,12979
2.2650421467380846,12980
2.230348086279784,12981
12.245921545726292,12982
10.99146211680929,12983
13.103044590403062,12984
12.581763821002415,12985
5.977977596935886,12986
6.208170850642542,12987
8.39803322401421,12988
20.845440434487514,12989
12.684221752967588,12990
7.4593463583247575,12991
20.63234223273691,12992
21.60969483980668,12993
12.10039431392377,12994
6.346112078083357,12995
4.439738485473601,12996
3.294636969777765,12997
2.976776749202438,12998
2.8345425233368173,12999
2.7499521952082535,13000
21.56850979102401,13001
12.04459027246366,13002
6.3342050635455855,13003
4.407128350378639,13004
3.2726742741133714,13005
2.9443582292057275,13006
2.785400038747954,13007
2.7017407488949003,13008
21.52304761795784,13009
11.960329978573332,13010
6.220932487723965,13011
4.3063994041420885,13012
3.1668060057749647,13013
2.842602520319399,13014
2.7010491086963837,13015
2.6198627660107956,13016
40.38317297838184,13017
18.6329761492571,13018
12.93292932744802,13019
7.2390261727963034,13020
12.949896327952773,13021
5.0563061415849875,13022
36.5576607804615,13023
9.42298924565401,13024
11.567448216597269,13025
13.434174505369498,13026
7.884137836097677,13027
14.130530851297715,13028
6.290930378836163,13029
11.383988801231322,13030
25.153055756138173,13031
15.993269820958117,13032
8.984806521071356,13033
6.037036640819892,13034
5.34182167812622,13035
4.913698036293111,13036
4.762826001401242,13037
4.640295553213279,13038
23.920153043490398,13039
14.059053548767494,13040
12.048294673432125,13041
8.366929405613899,13042
7.637224599262638,13043
4.547996847567141,13044
29.072743408578923,13045
16.53501980850423,13046
10.058122078659776,13047
7.5118377909876415,13048
6.117036494521925,13049
5.7119957614033146,13050
5.5209802131264665,13051
5.413921769070859,13052
29.007584700427188,13053
17.6284260169659,13054
10.752734369664026,13055
8.369322147779318,13056
7.0461265924633505,13057
6.698877032134714,13058
6.243439298138763,13059
5.994757644664512,13060
4.958321240964078,13061
7.1161461726441155,13062
4.1597226508506555,13063
1.9865122669778386,13064
27.278982499213434,13065
16.248468826953136,13066
8.712484889371778,13067
9.17083166712451,13068
6.347839765772535,13069
6.2012461224522895,13070
4.549628028872114,13071
4.412872359274679,13072
25.198163770694396,13073
15.275924028820516,13074
10.191491207819439,13075
8.315436531082808,13076
5.9295278900135004,13077
5.6285989021131435,13078
5.446124173808081,13079
5.477872725029169,13080
6.705851142434905,13081
19.770268622447244,13082
8.116232036726133,13083
7.3469926274003265,13084
7.6437036377228695,13085
4.455427951122578,13086
26.748823873342836,13087
15.954456945441835,13088
9.34186619166855,13089
10.015147043184488,13090
7.388424901818508,13091
7.069644959171155,13092
6.031057250758143,13093
6.036744058206936,13094
25.54369806424003,13095
16.37563909471471,13096
10.429165568172849,13097
8.474628360051403,13098
7.21184569009923,13099
6.657013176183992,13100
6.560053183385918,13101
6.469616339274296,13102
17.232355194252502,13103
2.666418954394328,13104
10.721324536170286,13105
16.621726898382263,13106
9.542282036936237,13107
13.214275526173546,13108
5.13496204730663,13109
3.5384080106327347,13110
5.442598523863044,13111
7.103752600693212,13112
8.53209265524913,13113
4.625746243457955,13114
7.670039474762524,13115
11.087394197644793,13116
21.38558520064788,13117
5.918173706054252,13118
5.352834420123197,13119
9.418780658532576,13120
5.988388384255761,13121
6.56741444706128,13122
7.328967643017752,13123
6.296124447560054,13124
7.545509583625117,13125
32.05628669028415,13126
27.51135259657713,13127
19.145987499166917,13128
8.298448820317963,13129
8.78048834550174,13130
9.511631723606026,13131
7.370631353752702,13132
13.089290095628058,13133
21.001658219072834,13134
11.433543472661016,13135
5.7035860864683965,13136
3.687046880590249,13137
2.46664740995188,13138
2.2127249688584167,13139
2.1123625458377475,13140
21.248911125640944,13141
11.351381786865389,13142
5.592777238405066,13143
3.7543992217418296,13144
2.391098997567613,13145
2.075602783044547,13146
1.9350907372925839,13147
25.969772419869567,13148
14.896541442405084,13149
8.796178840991391,13150
5.781941199563123,13151
4.96517334077593,13152
4.767035030293803,13153
4.496462967041604,13154
23.516908885637456,13155
13.649965192057088,13156
7.348899647947417,13157
5.088734413974084,13158
4.662656531253335,13159
4.061198461201512,13160
3.8321318686003107,13161
3.8642395331825514,13162
3.3442217031300836,13163
8.4335884302426,13164
11.660214522126461,13165
18.77328413249821,13166
17.582747946902746,13167
9.967271700584936,13168
4.2551191072227,13169
8.880456458369588,13170
4.229596309936006,13171
5.779821373798517,13172
3.5452258562613808,13173
3.490711653985808,13174
2.7380184355546944,13175
7.464367447694324,13176
3.899235790892053,13177
6.252198512141185,13178
3.6905136991497276,13179
10.605956672255743,13180
2.8940554610693687,13181
5.111324121673122,13182
4.111088490366644,13183
3.6841243168869333,13184
11.015596242795478,13185
5.861735284814412,13186
2.5023100611528477,13187
2.283873025782905,13188
2.7343963247057443,13189
2.938467685548223,13190
2.997851852776557,13191
4.595072517529299,13192
3.7943013393856684,13193
2.4948990510277924,13194
3.6585218240730795,13195
8.78765023660465,13196
3.732101816400892,13197
5.146326609388336,13198
5.005197956004631,13199
2.7060836013382996,13200
4.064439349612578,13201
2.3927192838518057,13202
2.764837621325994,13203
2.6674460724988847,13204
5.822272907725226,13205
2.502789000354111,13206
34.132442196743675,13207
6.4677050891893515,13208
2.1440881627497403,13209
2.257769163180498,13210
9.739040719538712,13211
3.5354479397929346,13212
8.03369315875394,13213
16.512703093585273,13214
13.049947882455557,13215
8.479064077846418,13216
8.055852948886406,13217
7.559174321080613,13218
3.9005450046589383,13219
3.981173280861036,13220
3.7112528211105547,13221
3.266127461849342,13222
3.3138488141238818,13223
4.341914813425574,13224
6.690219250959148,13225
21.879236294890273,13226
11.844917290548105,13227
6.124151187740205,13228
4.354077260771031,13229
3.1471114532887663,13230
2.766755839745642,13231
2.6236851727326216,13232
2.5356573962719056,13233
1.6744457050987536,13234
21.09598134986173,13235
11.535075064896915,13236
5.788509385136741,13237
3.88491332986206,13238
2.7348068374115866,13239
2.4268805349685927,13240
2.2815865061147416,13241
2.2019896556158267,13242
22.82563743654528,13243
13.212191214616569,13244
7.476664926694316,13245
5.560151070252136,13246
4.414566878399645,13247
4.092942109299982,13248
3.9485324475770898,13249
3.8659363791919814,13250
21.661794761817337,13251
12.055496275187227,13252
6.333598918185375,13253
4.42838478031555,13254
3.2931771442046727,13255
2.9465002412211483,13256
2.8212285802361357,13257
2.7323068196906726,13258
27.694414137920337,13259
6.462813911710319,13260
3.1545297858482684,13261
24.65416863778035,13262
14.561840447725963,13263
8.180382063377891,13264
5.880622646324024,13265
4.693771763883803,13266
4.634796784251932,13267
4.50665232485378,13268
4.6068662348402185,13269
24.65416863778035,13270
14.561840447725963,13271
8.180382063377891,13272
5.880622646324024,13273
4.693771763883803,13274
4.634796784251932,13275
4.50665232485378,13276
4.6068662348402185,13277
1.4243737141249972,13278
27.978894133677034,13279
16.254672245920695,13280
9.30097044407582,13281
6.927849086008086,13282
5.624341855812837,13283
5.158064703783821,13284
5.003510318203942,13285
4.874385357803405,13286
28.61657273308161,13287
16.584098830440144,13288
9.669332098693747,13289
7.238310192951265,13290
5.768519698752557,13291
5.405552100697186,13292
5.253081318788795,13293
5.11388195875909,13294
26.338952387383866,13295
32.26739661693767,13296
9.600451121841282,13297
12.904813815456897,13298
4.855220865009876,13299
6.518634794874662,13300
24.801642238435686,13301
15.674976985623825,13302
9.223698757143262,13303
6.9294718616687705,13304
5.676950595879429,13305
5.642424773311058,13306
5.348318899413296,13307
5.436260679868639,13308
24.801642238435686,13309
15.674976985623825,13310
9.223698757143262,13311
6.9294718616687705,13312
5.676950595879429,13313
5.642424773311058,13314
5.348318899413296,13315
5.436260679868639,13316
21.48082829476142,13317
11.946447809371724,13318
6.229227004293798,13319
4.31566094362094,13320
3.1435162467327036,13321
2.8571605614629867,13322
2.6965611099131586,13323
2.6126725901849013,13324
22.371868134146528,13325
12.83325001820713,13326
7.092559703215223,13327
5.179503246041961,13328
4.034626899267636,13329
3.717176477779072,13330
3.5775517083431856,13331
3.4916095760090466,13332
21.951626924782165,13333
12.518500726194674,13334
6.755752124230943,13335
4.827088136711527,13336
3.6602294340983015,13337
3.3554954955033955,13338
3.214857696426652,13339
3.128552210448036,13340
25.509573113052372,13341
15.267049536419739,13342
9.121656239147013,13343
7.045112764895888,13344
6.046203763973578,13345
5.529936798110455,13346
5.449512324259107,13347
5.312936249478624,13348
25.509573113052372,13349
15.267049536419739,13350
9.121656239147013,13351
7.045112764895888,13352
6.046203763973578,13353
5.529936798110455,13354
5.449512324259107,13355
5.312936249478624,13356
29.101739375939765,13357
17.233904292007246,13358
10.095408600650929,13359
7.736372010352819,13360
6.2484363238862555,13361
5.905466504809435,13362
5.720653988619933,13363
5.6092769472940525,13364
22.29849495753833,13365
12.735870768415852,13366
7.0069874172304445,13367
5.129771898726838,13368
3.9799119447155014,13369
3.6680472738781527,13370
3.512725136001556,13371
3.433740940167026,13372
22.373999977490904,13373
12.757624130215708,13374
7.03750179282776,13375
5.139066106774394,13376
3.9882413664201746,13377
3.681925890497515,13378
3.537556319136516,13379
3.4485018926967226,13380
22.4052496850972,13381
12.803283365219118,13382
7.095255285822665,13383
5.148786125457629,13384
4.018399351784957,13385
3.7177319765022947,13386
3.577887518400021,13387
3.4917799060496413,13388
21.1472967966566,13389
11.582243713953822,13390
5.822310206102091,13391
3.9088139825443156,13392
2.7854409190295786,13393
2.4554300110236444,13394
2.3063883104991882,13395
2.2226573178330122,13396
21.141437469941803,13397
11.569498172608666,13398
5.8450885436288464,13399
3.925562930622271,13400
2.7799132290388973,13401
2.461375067615484,13402
2.3204085355250093,13403
2.2333522593899096,13404
21.1472967966566,13405
11.582243713953822,13406
5.822310206102091,13407
3.9088139825443156,13408
2.7854409190295786,13409
2.4554300110236444,13410
2.3063883104991882,13411
2.2226573178330122,13412
21.604204485816155,13413
11.983631209976458,13414
6.231875661038233,13415
4.354245143699609,13416
3.1694569021886947,13417
2.840076624810717,13418
2.7099368962205093,13419
2.6019021270122824,13420
3.0965861352954747,13421
22.24073181166206,13422
13.022351278754414,13423
6.567591841102405,13424
4.8799949971631795,13425
3.711081503934454,13426
3.367569345593836,13427
3.3670805116164813,13428
3.2971733953196245,13429
14.621315788206525,13430
8.45622848727655,13431
6.91340605574568,13432
3.7874391233292664,13433
10.135565585970538,13434
7.666221234872824,13435
7.053074536183143,13436
6.9753846969147615,13437
3.8605965630830967,13438
20.451038594707992,13439
13.099461955896176,13440
9.463235314205244,13441
9.303265493245263,13442
2.93068697702239,13443
9.271173400759313,13444
6.831154234445418,13445
6.65869714013577,13446
3.9951422309502034,13447
1.7814534165616283,13448
21.65991384182345,13449
12.504837967094256,13450
6.827460234712908,13451
4.574240073392266,13452
3.2430867888427404,13453
3.045647030749972,13454
3.0919590173199114,13455
3.1243337617385634,13456
15.378181082645835,13457
19.68999298612188,13458
27.85121382301423,13459
16.05883129095424,13460
8.960268362690039,13461
6.69920683869008,13462
5.329121004754572,13463
4.817102510722842,13464
4.62394583853251,13465
4.484877007581911,13466
25.625809356759444,13467
14.810849008445441,13468
8.752599048833055,13469
6.550600860140344,13470
5.495150908748484,13471
5.076812040818286,13472
4.8888070247260735,13473
4.812359108067194,13474
26.38420664736548,13475
15.575660299631387,13476
9.197753033680659,13477
7.054862055269333,13478
5.704394517070303,13479
5.454385538190109,13480
5.242841875814412,13481
5.174216013279986,13482
23.675114516733274,13483
14.085802076367381,13484
8.349988060835372,13485
6.437635820367901,13486
5.28906235939817,13487
4.972521898160055,13488
4.8311524569090745,13489
4.745593261546064,13490
28.93467591579505,13491
16.81218599321068,13492
9.40594953363228,13493
6.8439657714357125,13494
5.522618341042369,13495
5.252630000395395,13496
4.948162768033844,13497
4.9904769778906,13498
28.90342470557018,13499
16.73189177488202,13500
9.82630813620919,13501
7.6419879728790825,13502
6.202107301952096,13503
5.6998501318592165,13504
5.534683393373626,13505
5.433175974776047,13506
28.90342470557018,13507
16.73189177488202,13508
9.82630813620919,13509
7.6419879728790825,13510
6.202107301952096,13511
5.6998501318592165,13512
5.534683393373626,13513
5.433175974776047,13514
7.531109867747385,13515
8.921297748616112,13516
8.11281976733221,13517
4.712458598774495,13518
6.908048819268125,13519
9.643577919243118,13520
7.886777549337337,13521
6.607823976791481,13522
6.57995396088186,13523
1.4616866321889002,13524
1.9782151556883398,13525
21.360031777245876,13526
11.877735818729612,13527
6.1366390035971765,13528
4.209229277734563,13529
3.0810934155309875,13530
2.7690983690278927,13531
2.5948729011516973,13532
2.52630799957834,13533
3.8651266471986476,13534
5.818846185037162,13535
6.114692646876009,13536
6.810800163752939,13537
7.524343627280527,13538
6.673757097759035,13539
25.451949456563874,13540
15.417775776659457,13541
18.12699512119054,13542
7.366324374776305,13543
9.16983463381162,13544
9.112560719688123,13545
9.293875137761527,13546
4.867397731433141,13547
5.181085379137382,13548
5.218971823283153,13549
26.350606048161097,13550
15.63059383083132,13551
8.369585757923995,13552
6.206005059532262,13553
4.716440301507346,13554
4.5334196786196,13555
4.167999004841093,13556
3.9935569328888096,13557
26.823553369329844,13558
15.858899534740479,13559
8.612424284723067,13560
6.467094031829144,13561
4.995823477571292,13562
4.683226764889978,13563
4.343765161743086,13564
4.244326812655405,13565
23.459350198760347,13566
14.13033402124344,13567
7.290967862392298,13568
5.014064038716639,13569
3.924390445643535,13570
3.499593080764284,13571
3.4273697651296393,13572
3.246835851895064,13573
28.297680050382247,13574
16.511611079843778,13575
9.480335620370687,13576
7.179188469660033,13577
5.822685276972332,13578
5.608656581076764,13579
5.322160375720237,13580
5.311268970925945,13581
3.197711290839286,13582
23.531791920704347,13583
23.01023224597878,13584
13.407197553356378,13585
7.67562078034015,13586
5.764138907840546,13587
4.621036526877812,13588
4.312527518397972,13589
4.14015833711074,13590
4.116148059667701,13591
21.945698890859337,13592
12.373098934189098,13593
6.6468753153336575,13594
4.742625112110741,13595
3.615581975504966,13596
3.264491403685982,13597
3.1301635222468867,13598
3.0432380681646514,13599
5.030669926553179,13600
26.510081699821352,13601
19.237215251010173,13602
18.033963279742395,13603
8.65810675916596,13604
8.070415765026812,13605
7.59473651130284,13606
7.1282846301650515,13607
7.161410155710172,13608
4.989873893508058,13609
13.560268558329852,13610
12.318563323670327,13611
8.916329520991638,13612
7.993423714556968,13613
5.735890815494593,13614
6.035308918705221,13615
5.56401411450009,13616
3.185314958872044,13617
6.066143600534688,13618
30.84168735661732,13619
18.91827443958135,13620
11.137359729543773,13621
9.173718567803904,13622
7.6659487768192465,13623
7.254269233250608,13624
7.063850328352473,13625
7.023213398160414,13626
11.174439898046634,13627
3.852495747895501,13628
16.68081758608356,13629
31.082709332691255,13630
15.668339641711864,13631
24.49940784743452,13632
15.18805064075564,13633
8.838998740516988,13634
5.1788981372086695,13635
4.21250548474911,13636
3.956972873657454,13637
3.8467926668474757,13638
3.9187031857702133,13639
5.4698715329742855,13640
14.912739893787988,13641
119.81584619558971,13642
70.4218083418514,13643
4.29881179192062,13644
29.48456246320548,13645
18.824916773112264,13646
13.148143770630684,13647
11.00711214233352,13648
12.022178575070386,13649
9.739621463667492,13650
8.800056567374973,13651
7.892955559259864,13652
1.8906965506429465,13653
2.622459546774687,13654
4.530343302277265,13655
5.0491506061302625,13656
4.938130970095391,13657
4.702733233160404,13658
38.521146124008375,13659
1.87102047294238,13660
2.9433573033571756,13661
3.788125904168938,13662
4.027879652221678,13663
3.97651566471454,13664
4.517972867086658,13665
5.322313938822742,13666
7.244329778071857,13667
4.081281175882577,13668
26.385194546927544,13669
15.379865610650953,13670
9.846225207147448,13671
5.876118739686888,13672
4.571941538514967,13673
4.539301926805708,13674
4.305465614843435,13675
4.27327143304689,13676
26.640924825311313,13677
15.863563791119047,13678
9.8468511946592,13679
8.541850532153402,13680
6.118878915859451,13681
6.035795636653422,13682
5.814248362001862,13683
5.754801645683137,13684
26.127452105297387,13685
16.13601558203897,13686
9.826113201151873,13687
8.423162046674067,13688
6.0179651860173164,13689
5.828368621911189,13690
5.593269879066889,13691
5.585575514215525,13692
10.460182436510253,13693
28.550193081124053,13694
43.189513559225055,13695
48.42059973957233,13696
33.5965390049221,13697
22.442432351922754,13698
12.815054360169988,13699
7.071361382601197,13700
5.142306268229196,13701
4.000206746405754,13702
3.722260399886124,13703
3.6009339927785327,13704
3.4731956550541856,13705
22.689436138188633,13706
12.968175496736876,13707
7.40057632954486,13708
5.4466653626638335,13709
4.276198588023652,13710
4.015432825714122,13711
3.9112873401341868,13712
3.7898343137477903,13713
26.998560706223174,13714
16.031641372149892,13715
8.570041080472931,13716
6.639669998420083,13717
5.084260663024316,13718
4.773871945148699,13719
4.541520029971417,13720
4.453643720291649,13721
28.536640431272627,13722
16.08002433714646,13723
8.832370436276445,13724
6.4845179475849,13725
5.073139965549284,13726
4.553266719161477,13727
4.3849784920446195,13728
4.296345417333689,13729
20.786227360312676,13730
2.83495986637803,13731
21.88550524370246,13732
13.321675407916315,13733
7.311629105232839,13734
5.0064922113051455,13735
3.753771152052907,13736
3.458373791309062,13737
3.43094114626016,13738
3.356568173056387,13739
23.726455433288226,13740
13.325292205413723,13741
7.0302042795093,13742
5.184401094799538,13743
3.7919311388814743,13744
3.6241242060410053,13745
3.7222662846620924,13746
3.5720263433131625,13747
21.356459191323985,13748
12.778465593999043,13749
7.497790642682512,13750
4.814602972558692,13751
3.4242975654332657,13752
3.1242853551056435,13753
3.069481093119897,13754
3.079918699316734,13755
21.845594957561435,13756
13.135393520548538,13757
7.306997752323692,13758
5.337402629682298,13759
3.908426219419232,13760
3.5127479069678316,13761
3.4903145003430924,13762
3.4000183096292993,13763
24.923944853782903,13764
13.903998538142188,13765
7.441479590151952,13766
5.232223088256041,13767
3.872160297506586,13768
3.131224207250794,13769
2.885257817908956,13770
2.953510274664691,13771
21.809654230626663,13772
12.773611202789356,13773
7.270090725612041,13774
5.128484577970957,13775
3.7408565544820083,13776
3.475330083472262,13777
3.433392685778949,13778
3.3219301465369244,13779
25.58732405115797,13780
15.903961122023176,13781
8.331839734291316,13782
6.547516551931048,13783
4.981600336908437,13784
5.088055338716543,13785
4.422852331968055,13786
4.360091590667848,13787
1.0984475610635784,13788
28.529918721571487,13789
16.716201897921476,13790
9.623286953462456,13791
7.554081316609689,13792
5.629802982244005,13793
5.3936587789062,13794
5.247458090990402,13795
5.136791733246486,13796
31.14084328126843,13797
119.79830296581976,13798
47.59270694305657,13799
33.505815254585684,13800
23.4138225021653,13801
26.05977975877362,13802
27.29203924276805,13803
3.6646760748766676,13804
21.03262654950816,13805
11.470008201127138,13806
5.731127987315444,13807
3.818213247180418,13808
2.6710587730220063,13809
2.35622047559217,13810
2.2138984747329418,13811
2.1319055848814337,13812
167.94377142459751,13813
94.28914837416895,13814
73.91674579331946,13815
332.78588205431345,13816
6.164238743110457,13817
5.941750348393419,13818
7.8848859764492945,13819
6.14466594701202,13820
28.733591241328877,13821
16.602427280130783,13822
9.59284225451966,13823
7.404915736398146,13824
5.855230565216551,13825
5.368486842383781,13826
5.142166282125501,13827
5.06124316551624,13828
7.859516689275335,13829
27.187012148609476,13830
16.44040647768467,13831
8.656421327932708,13832
6.768570112823044,13833
5.407445158096855,13834
5.002983567604756,13835
4.687924844468693,13836
4.659786455226599,13837
30.746282173537555,13838
21.966333167253243,13839
17.406987437485558,13840
16.309336470447203,13841
14.737170889698017,13842
12.902299794902016,13843
11.723540953699585,13844
11.608658078427949,13845
26.41459350713668,13846
17.34034207370057,13847
11.152197191393359,13848
7.949750292839842,13849
6.681715256093481,13850
6.1681316347357225,13851
5.713204216336799,13852
5.708897120037242,13853
5.027445109022601,13854
4.921856721762108,13855
27.46383212078747,13856
16.162587344822285,13857
9.149520019075458,13858
6.830598955031174,13859
5.485710572527766,13860
5.129420786490322,13861
4.834625017525838,13862
4.746840638680911,13863
14.53549330661864,13864
8.814149353695072,13865
9.849930455115317,13866
30.892405738045124,13867
40.38368862481836,13868
3.3655924552823877,13869
2.860797152369955,13870
2.715647812493485,13871
3.687106930085605,13872
4.633851205306206,13873
5.6725077484035795,13874
8.565742080718039,13875
13.00789458066113,13876
4.9217436973066,13877
9.069388972952103,13878
15.216817008910695,13879
28.684225534279847,13880
16.324783162207996,13881
9.581521938267526,13882
7.331360077765585,13883
5.78915232149901,13884
5.404326629922399,13885
5.278281410360924,13886
5.145854567066999,13887
28.714222116883626,13888
17.376618064073103,13889
10.141065481143173,13890
7.790400799571153,13891
6.575874785172568,13892
6.240913056140322,13893
6.1133791722951685,13894
6.03031427387986,13895
10.01169500678103,13896
9.186706752199436,13897
7.003439957032119,13898
9.461508160542088,13899
9.03552625536864,13900
11.504700744545017,13901
13.776410712613298,13902
13.776410712613298,13903
10.590837352465142,13904
10.600766661721925,13905
29.020844144830527,13906
18.936724277781092,13907
12.17238863996045,13908
10.203106841592836,13909
9.945128839255064,13910
9.482272857276474,13911
9.064484514552163,13912
9.068719156010483,13913
7.149695291595341,13914
7.215144308552335,13915
7.242898256646459,13916
9.738763942949998,13917
6.242929357312942,13918
21.52578338207803,13919
14.90250402107189,13920
10.27947684301916,13921
6.832379722783391,13922
5.8299034312479945,13923
5.787483807264199,13924
5.229873905782436,13925
5.359993103635027,13926
3.913056909630009,13927
4.041540196619711,13928
3.529155899162071,13929
2.747406422295689,13930
3.400552283136312,13931
29.312652564887046,13932
6.354009549805978,13933
7.589609405021379,13934
2.6988448534702516,13935
3.4044291759720764,13936
12.269515396204161,13937
30.651167233275086,13938
6.475923955441594,13939
2.0366007651671176,13940
5.378207414120546,13941
4.173157633210989,13942
4.138561909504275,13943
29.65229071101808,13944
5.096624171266736,13945
3.5237217782685373,13946
3.3184130197563197,13947
4.975592075197475,13948
16.512651328271712,13949
14.38578861288417,13950
9.374562001568469,13951
6.863118886811212,13952
8.66354158664244,13953
3.146563079623989,13954
2.3972568660113294,13955
3.915073804017492,13956
16.14069105356641,13957
4.108501680945376,13958
6.38881071212062,13959
28.202553770316623,13960
17.03311106626301,13961
10.146282131169533,13962
7.889272521211562,13963
6.39557226580698,13964
6.057605093423925,13965
5.918495506429784,13966
5.797401087383743,13967
28.74089882321464,13968
17.38007905435577,13969
10.36700756885093,13970
7.9056826698669145,13971
6.459857185151387,13972
6.051949635164227,13973
5.865719839062068,13974
5.752399120318233,13975
6.235161855360382,13976
19.485181263823,13977
4.81301123739432,13978
15.99196138137326,13979
28.90656376071146,13980
18.122098921873746,13981
9.616576627102635,13982
9.470925453512265,13983
7.536433749245917,13984
6.9802383740672855,13985
6.723927709750028,13986
6.60641950050107,13987
20.589120576896942,13988
21.754914958955947,13989
46.63080435753387,13990
54.39768212701573,13991
47.531626224538,13992
43.794189508114954,13993
45.239865361347015,13994
11.650684466393336,13995
11.776088027216892,13996
15.348116428280955,13997
3.657047633550552,13998
4.156413309142147,13999
4.500392607354445,14000
4.143605579094576,14001
5.459340858374874,14002
5.789767872780767,14003
22.23296999295323,14004
12.048190926701633,14005
6.333593900442499,14006
4.447990899088497,14007
3.2920362380165074,14008
2.9680721989866004,14009
2.809389873389102,14010
2.7253465954492317,14011
2.856189706430739,14012
22.485445029639195,14013
12.768412294833709,14014
6.741964231878532,14015
4.8107096319389075,14016
3.7052048525002204,14017
3.454673488285183,14018
3.1823520570034347,14019
3.134452789412814,14020
25.654801738276838,14021
15.419590263225517,14022
9.228656368295193,14023
7.209686841644255,14024
6.269440889382419,14025
5.743666698224249,14026
5.709626686557454,14027
5.60082846623621,14028
9.526263520125681,14029
8.449372514892172,14030
8.753855664581138,14031
7.868526379746483,14032
8.372983359021449,14033
25.51388830317555,14034
15.409203987293614,14035
9.297526601522165,14036
7.195142548328064,14037
6.248771574232279,14038
5.741503829019586,14039
5.631359522588225,14040
5.488600158050717,14041
5.762208046800116,14042
11.457413679548106,14043
8.861542626591502,14044
8.544969361278593,14045
9.249658908055983,14046
22.093160821727597,14047
12.76569500174188,14048
7.275846201181872,14049
4.949483985352963,14050
4.007316512776147,14051
3.443854901841263,14052
3.1436076751187954,14053
3.0633994760277528,14054
9.942653945786109,14055
7.756846581961194,14056
3.809235694450589,14057
2.9079799095080885,14058
22.10918840552489,14059
11.846987606212926,14060
6.045081419031896,14061
4.1571868982639515,14062
3.0113259734725775,14063
2.654651399425954,14064
2.5156059400547295,14065
2.4421461636325392,14066
30.834249167836447,14067
2.4693027149085687,14068
2.487425277768284,14069
29.32675067390094,14070
17.749299779514164,14071
10.582154532497702,14072
8.254685736167243,14073
6.90495438425446,14074
6.498773011625173,14075
6.244740425553575,14076
6.133307828959592,14077
25.850377058389043,14078
15.412812783612914,14079
9.219404853510309,14080
7.205585617443702,14081
6.2807129713601855,14082
5.75805598173472,14083
5.723397337443928,14084
5.6361923312901645,14085
2.251737469738974,14086
4.329619683659517,14087
3.8971769571264785,14088
4.543094630675852,14089
3.966590938186388,14090
4.361666733126468,14091
27.780805217015153,14092
14.653763978107602,14093
8.75547340045665,14094
8.517762960694828,14095
5.948412223006369,14096
5.582272723425281,14097
6.21853880902174,14098
6.366307577636231,14099
5.793255899475221,14100
4.589039633145443,14101
4.887967189658977,14102
8.28170763727857,14103
7.825430916278921,14104
8.330952731775856,14105
34.943519857844294,14106
6.922887444617067,14107
2.5641363167388835,14108
3.7776199694442947,14109
27.78127307184347,14110
15.857449801244389,14111
8.786003768656212,14112
6.384250790507322,14113
4.945832734588191,14114
4.563033858415351,14115
4.374724762047609,14116
4.268009169823657,14117
22.080056684621823,14118
12.102409451109306,14119
6.318726192105709,14120
4.308256387291406,14121
3.2691030571074187,14122
2.9052491903036173,14123
2.8690132965953716,14124
2.726860925034208,14125
22.263374869256378,14126
12.602865532751615,14127
7.222270665442768,14128
4.846377245906577,14129
3.679699891655262,14130
3.425888948843317,14131
3.254217932924797,14132
3.1489863088462084,14133
22.24331423511623,14134
12.356164383063073,14135
6.566535261342386,14136
4.664478972207375,14137
3.4392994934246377,14138
3.0498879968439385,14139
3.0571114378935005,14140
2.8949770643192427,14141
22.516213789189216,14142
13.033680593066705,14143
6.792368332749847,14144
4.845055966720948,14145
3.8034023871996374,14146
3.491176204056897,14147
3.4416889245025275,14148
3.317168138691462,14149
25.587607018052047,14150
37.32125888174891,14151
22.313715630160043,14152
13.170222787104086,14153
6.735990713639177,14154
5.017622100384214,14155
3.8356842447226733,14156
3.532332868194506,14157
3.4153808853978016,14158
3.320649497873735,14159
22.477465672257065,14160
13.05331693738465,14161
6.785242650794798,14162
4.886634938618443,14163
3.834051071408085,14164
3.503745817421743,14165
3.432447399418472,14166
3.3337350250474023,14167
28.275448347867112,14168
15.67905496609749,14169
8.838463507807456,14170
6.618110759976041,14171
4.9656325108078585,14172
4.627076702449814,14173
4.378104820015276,14174
4.472605403755113,14175
24.61377694383818,14176
13.734314502670909,14177
8.068416830085864,14178
5.962445516710228,14179
4.679396329780641,14180
4.51826361554296,14181
4.362980336447955,14182
4.401995260746998,14183
25.084859579702183,14184
14.370613662512623,14185
8.548850596402477,14186
6.7335615277511955,14187
5.507307767248927,14188
5.135093390894889,14189
5.233805922577964,14190
5.034724283606003,14191
2.7048764306921402,14192
2.40425288627271,14193
19.568913265893986,14194
11.455004393402772,14195
5.591717149217219,14196
3.6916099430740674,14197
2.6501553496395114,14198
2.4224777466939473,14199
2.1186610434998796,14200
2.00686339798276,14201
2.6133137914556523,14202
14.693583985464548,14203
0.931792917103154,14204
3.683559998984001,14205
5.165207688329363,14206
5.009352265306274,14207
3.9144619129483496,14208
5.685130397175875,14209
4.490738450796136,14210
3.934653447026812,14211
2.1367695869854106,14212
1.8681169182623583,14213
4.319277659117095,14214
4.319277659117095,14215
17.00053666841234,14216
8.102398690383653,14217
10.698672712729039,14218
10.69159606073709,14219
26.91730732044635,14220
15.405952069577562,14221
8.417452893621372,14222
6.156265574854855,14223
4.711483129441484,14224
4.3147566180646715,14225
4.09900273420756,14226
3.9651554252024175,14227
2.5355139882980318,14228
2.7388221374521478,14229
24.937217731115613,14230
14.603067073556412,14231
8.46483851835567,14232
6.411949514063802,14233
5.171179399633877,14234
4.776681033680716,14235
4.631145073167143,14236
4.555831043541341,14237
3.5877628162048905,14238
4.3854729629050935,14239
4.848487442655507,14240
4.144561731109959,14241
12.725183627754816,14242
4.389532745708444,14243
4.38357853577732,14244
4.031403307876827,14245
3.7155246459238813,14246
4.258479621003384,14247
25.515668896405817,14248
15.278988396896747,14249
9.153352255521275,14250
7.116276426909146,14251
5.922006059609024,14252
5.546941026757542,14253
5.393722307295215,14254
5.316338522805203,14255
29.24356426860336,14256
17.203400631320093,14257
10.07237957844475,14258
7.779171161453323,14259
6.38112854304791,14260
5.921374465762877,14261
5.6923479700869235,14262
5.600427485152739,14263
4.2218079231825705,14264
4.349563424452466,14265
2.728032268402284,14266
3.9894578367223477,14267
3.756796056994708,14268
3.153062734133856,14269
32.55224638704651,14270
29.713757533158237,14271
21.076400493988327,14272
14.617906337842324,14273
3.5686185568246995,14274
10.287432216051025,14275
2.9795792667708207,14276
28.235234896701787,14277
16.943247081283587,14278
9.639047923631129,14279
7.799829342795541,14280
6.544326829770825,14281
5.94763055878938,14282
5.816629533358778,14283
5.691053912736738,14284
33.80522028972452,14285
17.67071583204562,14286
9.257409089007252,14287
5.08351120180562,14288
3.6983332936042523,14289
1.9527477312384058,14290
1.932555228219997,14291
1.7562996116044762,14292
1.6291936158913118,14293
38.90802614267482,14294
12.216913754864315,14295
14.099876688137797,14296
15.393217354717821,14297
27.19050990348216,14298
15.633582425186598,14299
9.033946246648298,14300
6.872137955097176,14301
5.349152291503959,14302
5.174326005431378,14303
4.924873710547503,14304
4.845466985771205,14305
26.062847991328926,14306
15.410846081149561,14307
8.566734942828298,14308
6.4191591801285535,14309
5.221792594454467,14310
4.916060022945758,14311
4.762947536226033,14312
4.670921897520706,14313
21.833396046884413,14314
12.823199209481093,14315
6.95746055761024,14316
5.091064565124153,14317
4.002977217103496,14318
3.6497908167119273,14319
3.528899298653695,14320
3.5463006204527256,14321
27.63596959569148,14322
16.376279432848474,14323
10.300641545799646,14324
8.895742727574856,14325
6.770733147436144,14326
6.37250276782788,14327
6.65247706984913,14328
7.059218061402615,14329
21.2668716627357,14330
11.6750505547828,14331
5.930797085470832,14332
4.044799061453595,14333
2.8849525635576834,14334
2.5705415656307657,14335
2.423140919544382,14336
2.339379207161094,14337
21.362134353981713,14338
1.9853381065251392,14339
23.783994191498834,14340
14.988704927372574,14341
11.579964206510153,14342
8.247651713023693,14343
6.41541506705597,14344
24.351924161293823,14345
15.304209906434966,14346
9.677803361310774,14347
7.407920622798931,14348
5.440315294838275,14349
22.0237050439497,14350
14.160914188870334,14351
11.555006382464903,14352
8.056652677380127,14353
6.367030845608588,14354
22.723276255412255,14355
14.422677618197326,14356
11.472071910030337,14357
8.89570664085875,14358
7.444279802667103,14359
24.495820574509104,14360
16.02505104061561,14361
9.488124321042065,14362
6.460659316191113,14363
4.895183383408449,14364
5.102493897444935,14365
5.246514715348214,14366
5.279109188312261,14367
5.21290092023524,14368
2.4232336994637773,14369
2.54978830683583,14370
6.774564834165237,14371
6.7625914639426625,14372
5.23986475348768,14373
8.825899645223084,14374
21.458627682359,14375
41.946979576810506,14376
37.25645826947305,14377
28.207457167171693,14378
19.929950675326843,14379
8.513340399463125,14380
9.461643378043654,14381
3.9225885275378785,14382
4.105599901260545,14383
28.28539774890135,14384
7.909469601283654,14385
8.480648963429294,14386
13.615505213630192,14387
196.8803607023427,14388
194.85200245200377,14389
81.75619364749092,14390
4.891253513908962,14391
3.3515215513297556,14392
20.985135422812743,14393
11.767585844396429,14394
5.890371487069448,14395
3.9054483794673533,14396
2.807396589746521,14397
2.4963487368921538,14398
2.3394757147309035,14399
2.2838366457644206,14400
21.722469347073943,14401
12.196376005337264,14402
6.44504336098356,14403
4.512184409712166,14404
3.350712269005172,14405
3.0566912456961055,14406
2.9580428991321073,14407
2.8639285357218567,14408
7.592542408410451,14409
51.175489694617475,14410
2.4042515315858846,14411
21.52150053654015,14412
14.374241283928253,14413
11.279822092099682,14414
7.789143942161191,14415
5.892514006334632,14416
31.35172459118618,14417
16.24437547063361,14418
12.99072617020542,14419
9.695659564173743,14420
7.843863160967462,14421
5.215953450817663,14422
20.825476634936617,14423
11.313153113298185,14424
5.649511142459378,14425
3.6904343227538288,14426
2.5608911042998845,14427
2.270047006703405,14428
2.1560813630146587,14429
2.050309018955721,14430
25.215332112807467,14431
15.518232977220292,14432
10.507630511330474,14433
8.45280839544734,14434
6.945151387391701,14435
6.501692913321386,14436
6.345915088049981,14437
6.27339686898166,14438
27.395168868599953,14439
18.515503571597094,14440
13.057672714499423,14441
9.737195327621656,14442
7.666295573815469,14443
6.955615933943996,14444
6.429366288118468,14445
6.2264222390278015,14446
7.24294259631319,14447
16.30164256598849,14448
30.351744067652668,14449
26.221424926482165,14450
15.212567929114895,14451
8.934052668754074,14452
6.7340587017904125,14453
5.136082259229602,14454
4.841414373386398,14455
4.620935918608432,14456
42.875383567868234,14457
20.227847387879454,14458
7.479238055914275,14459
14.038177915501558,14460
28.13102879950851,14461
16.473928290419554,14462
9.159806302277744,14463
6.729984183073963,14464
5.257476538806264,14465
4.929778640592027,14466
4.750295842170019,14467
4.623757976268887,14468
27.982476396892107,14469
16.875781791997888,14470
9.446910711849645,14471
7.16674560782727,14472
5.09979872886487,14473
5.020729631851686,14474
4.815705545978951,14475
4.761288144518655,14476
11.958142831502359,14477
28.21975927737721,14478
16.716871930373134,14479
9.884277348469931,14480
7.282659573648021,14481
5.224466627799673,14482
5.173684045560222,14483
4.938105083182422,14484
4.869627743195101,14485
24.451839956900347,14486
13.313841629547964,14487
6.845884072349077,14488
5.427116994913332,14489
4.259705415192116,14490
3.988380158244082,14491
3.9810168965189865,14492
3.9012342751056592,14493
3.132096170461269,14494
7.698796917936808,14495
5.982558315569188,14496
21.92198900066532,14497
12.45106289576225,14498
6.8042577657973435,14499
4.681470685343943,14500
3.5694779988970384,14501
3.2620121520527623,14502
3.135857248133864,14503
2.986000622208625,14504
3.257841387328919,14505
2.930439987630039,14506
5.492780013061053,14507
7.513181949163952,14508
3.91952654811277,14509
3.889032368995111,14510
3.3514004487800815,14511
3.6116207898526342,14512
1.9746300900740619,14513
4.3212234703119545,14514
14.598632661922979,14515
103.49469808915421,14516
16.859760563708424,14517
7.085877528741281,14518
2.515764463177757,14519
23.387782742886444,14520
14.940141491644495,14521
8.71873591199541,14522
5.950070932503825,14523
4.535170755114707,14524
3.943946583779938,14525
3.7291026520342747,14526
23.833842074703842,14527
13.272104792122786,14528
7.408447794548034,14529
5.235799485275781,14530
4.075646748143903,14531
3.9264456647055423,14532
4.046637655719427,14533
3.782373269787453,14534
12.92592294185378,14535
12.39677393583614,14536
18.638022738072287,14537
9.928523875663634,14538
3.3210795813886547,14539
0.9450777604711487,14540
5.60344207872517,14541
10.519552666967838,14542
4.499252408056738,14543
3.452266272440177,14544
12.648467126103379,14545
12.648467126103379,14546
25.76038854228648,14547
15.833289949848277,14548
9.350711239224614,14549
6.270100032423894,14550
4.686112995058689,14551
4.246059984562205,14552
4.085914761446045,14553
3.8766086774652218,14554
2.4572003908495144,14555
2.5674227679853545,14556
4.680349252323757,14557
3.917452383691343,14558
5.420962197989218,14559
6.161854719949918,14560
28.139806641836515,14561
16.367603324662436,14562
9.700324078383211,14563
7.214147773333904,14564
5.553471331741483,14565
4.974413156008755,14566
4.703937077319983,14567
4.688961747984912,14568
25.617908272009874,14569
15.537196547429675,14570
9.525569205680823,14571
6.226381895360151,14572
4.873694046042683,14573
4.80158518607122,14574
4.538443216032036,14575
4.466145504574015,14576
5.481401112231748,14577
7.267022474908772,14578
5.782658935343072,14579
15.36832978276732,14580
8.888347812529238,14581
8.677493297728244,14582
7.205534696507419,14583
7.799278057408145,14584
4.963032143879072,14585
463.001010938099,14586
18.90747747701009,14587
3.2486586898280967,14588
3.148798671164587,14589
7.249747999057147,14590
28.532079170605698,14591
18.084812066416283,14592
8.479690633078647,14593
6.366709655004369,14594
4.91895026583869,14595
4.655702135436088,14596
4.251047523612274,14597
4.080205479504854,14598
23.76803649264539,14599
16.324083774003675,14600
8.102237202513734,14601
6.327560489832888,14602
4.523941310426525,14603
4.605602118846218,14604
4.5107141833778215,14605
4.410079560309365,14606
9.377567823807949,14607
3.7621854197694824,14608
22.51625358170491,14609
7.556443829273363,14610
27.64344833449953,14611
16.132874772762907,14612
9.063649230624579,14613
6.990549969256368,14614
5.226447075578128,14615
4.796390083659873,14616
4.571977470148516,14617
4.386459078525694,14618
39.238827875779286,14619
7.167241472938227,14620
18.226201001987206,14621
21.619377795989937,14622
3.6887608585724503,14623
5.733003472323563,14624
4.934942542982221,14625
5.6368763472667585,14626
5.7968241640165985,14627
19.372724640023158,14628
25.659299961115067,14629
15.441938804689105,14630
9.327862126094706,14631
7.28973116296776,14632
6.043661728732964,14633
5.728476871791839,14634
5.575324208472049,14635
5.487631194578618,14636
28.195461572239154,14637
16.83218952560151,14638
9.976020203680369,14639
8.020593534515712,14640
6.29761828066329,14641
5.883433562044152,14642
5.704388550062776,14643
5.589934398979133,14644
29.144295703077074,14645
17.331384151672232,14646
10.189978743320218,14647
7.974468879901084,14648
6.670403709828054,14649
6.255898340661027,14650
6.003213270113655,14651
5.915169363125171,14652
28.501933991674935,14653
15.75465645990117,14654
9.591245612813275,14655
7.278558417933318,14656
6.119774434212928,14657
5.414077209016826,14658
5.267097192152172,14659
5.210019618645262,14660
28.701579243634022,14661
17.27996901920521,14662
9.88178503036149,14663
7.503893757187935,14664
5.824929778854851,14665
5.67921641845338,14666
5.489328947392731,14667
5.39174451387286,14668
9.35168125488906,14669
4.474010563000737,14670
2.791495888608132,14671
3.046202822983945,14672
4.842436941566801,14673
31.96153194166533,14674
21.732770945314257,14675
15.618478428085835,14676
13.582018197983139,14677
12.354990301576105,14678
12.018830569211744,14679
11.862784210755569,14680
11.770929990303808,14681
9.477171248290073,14682
2.353270987008107,14683
2.799513020052358,14684
2.227230559302761,14685
2.2461254714693366,14686
1.939446525670585,14687
4.180560104180807,14688
9.995167821283024,14689
5.60936897885665,14690
11.135924997723867,14691
24.163222892906106,14692
34.53508422352306,14693
6.029210463211465,14694
3.6105252056442327,14695
4.023724498134622,14696
5.846591611708077,14697
4.5484279696342425,14698
3.584734921916735,14699
3.5095453260615286,14700
3.0777516862748877,14701
28.45596254558652,14702
17.67068647728225,14703
11.011320318825192,14704
9.611420106997839,14705
9.461930562798159,14706
9.0647840903275,14707
8.485771114104391,14708
8.417024849899105,14709
3.693809937766401,14710
6.717562616492986,14711
20.20148453455139,14712
21.695077805482157,14713
36.954852469274904,14714
25.886316503901433,14715
52.474305929264574,14716
25.72934825347946,14717
16.39932804902943,14718
15.372216249690387,14719
18.645955484374987,14720
19.36168250019491,14721
4.460808187358326,14722
22.882358548107756,14723
12.990039378177178,14724
6.493651707907723,14725
4.696209324900606,14726
3.451821237558043,14727
3.020714226415845,14728
2.8709400019577473,14729
2.781251227359999,14730
18.089059126545884,14731
34.179481977547496,14732
18.05659742190734,14733
3.285505778148171,14734
3.5569144155154717,14735
4.857043479461384,14736
1.4901922465057176,14737
2.5337903570911386,14738
21.72539293242068,14739
11.681498153603851,14740
5.9923040551542535,14741
4.098338959761329,14742
2.9410678717646106,14743
2.6272280917163195,14744
2.494930334995387,14745
2.3976877951040785,14746
21.657349291185948,14747
12.14644526174578,14748
6.418535009722745,14749
4.503622742469813,14750
3.3389254516656854,14751
3.035027569497643,14752
2.865775011583688,14753
2.7857126728365857,14754
21.63058442939282,14755
11.913709989068943,14756
6.177676426795502,14757
4.2144710007669195,14758
3.138346840040045,14759
2.817418351487696,14760
2.6658291010012705,14761
2.563742963465783,14762
21.957668096046152,14763
12.38689434368097,14764
6.610485117077625,14765
4.713184445728689,14766
3.5400976935507122,14767
3.2397922997122195,14768
3.0862962308775765,14769
2.9750706592429066,14770
22.306656871575722,14771
12.777634603515217,14772
7.073632356432743,14773
5.164824056504125,14774
4.047437862227103,14775
3.709063710896718,14776
3.5525808241394787,14777
3.4769157229493555,14778
21.195778515221985,14779
11.672119644465546,14780
5.914212675183577,14781
3.9910799550497646,14782
2.846496170666846,14783
2.53873384237757,14784
2.4021484966330306,14785
2.301723010916657,14786
22.118778607435658,14787
12.529539750541913,14788
6.8556585469593605,14789
4.948113295957323,14790
3.7181732127051306,14791
3.468757326125979,14792
3.3284602420249456,14793
3.2457131579463874,14794
22.122663835284104,14795
12.73890548802419,14796
6.909384969074565,14797
5.020792826367672,14798
3.74270431929216,14799
3.4624877682154804,14800
3.3278506311574034,14801
3.236911096343931,14802
21.699185427098286,14803
12.134180846717781,14804
6.4776456917993785,14805
4.524592531523189,14806
3.3357041090523443,14807
3.01817460405386,14808
2.877593684589913,14809
2.79142672556022,14810
20.96993248823483,14811
11.255226578989028,14812
5.646505176320105,14813
3.776558587166926,14814
2.6350179450322866,14815
2.3337881807406022,14816
2.201791696367787,14817
2.107697807884371,14818
20.96993248823483,14819
11.255226578989028,14820
5.646505176320105,14821
3.776558587166926,14822
2.6350179450322866,14823
2.3337881807406022,14824
2.201791696367787,14825
2.107697807884371,14826
20.737234428441223,14827
11.103682950104547,14828
5.404954641746145,14829
3.4894581439632466,14830
2.332887316862394,14831
2.014489211373729,14832
1.8929336966204398,14833
1.804782033283574,14834
21.662283677009313,14835
12.049503031277991,14836
6.203665985952501,14837
4.3474179998213724,14838
3.186805599064397,14839
2.8871667054631494,14840
2.7357660812197673,14841
2.6500914076964652,14842
9.215860918997427,14843
7.289512115393047,14844
6.796981550720275,14845
5.1555541677940875,14846
21.307588904515733,14847
11.768271575888964,14848
6.022942966785102,14849
4.117554511081978,14850
2.9684941693703073,14851
2.654029126328553,14852
2.5033904994440896,14853
2.425526621656586,14854
21.307646795856435,14855
11.788197384123487,14856
6.04925780969276,14857
4.130726653075871,14858
2.9754429460732577,14859
2.669035579536281,14860
2.5267582885624953,14861
2.445446045029218,14862
21.657165254128778,14863
12.940168086394452,14864
6.813120359710182,14865
4.78284076875597,14866
3.681065461826203,14867
3.3158355776782287,14868
3.1338034830330304,14869
3.1397771967689083,14870
12.18266579893263,14871
3.5558764726970824,14872
3.151056516733316,14873
3.4720602672550545,14874
2.9848237850224044,14875
6.041027440984246,14876
4.090472392389376,14877
18.052383330038012,14878
6.236005948642418,14879
5.868543908684847,14880
17.714381841359653,14881
4.055036168947906,14882
4.047317303190286,14883
3.571961290653136,14884
5.191060245661979,14885
4.718936877486642,14886
8.400449012255633,14887
8.847148389855361,14888
2.1732756146186896,14889
21.250133097592812,14890
11.761889120174493,14891
10.212836182765768,14892
6.682371067877736,14893
5.457161048784216,14894
3.835397190978455,14895
6.440322801406834,14896
28.61486275939195,14897
15.533602047188415,14898
11.149477480424704,14899
6.494175281133083,14900
7.62522212405812,14901
8.938409065224144,14902
12.33793522455229,14903
7.785017983031661,14904
10.595800098014067,14905
3.7375928977803423,14906
5.413734856715334,14907
2.698594959121307,14908
3.2702296383577036,14909
22.452255545992095,14910
13.031956207616384,14911
7.082428012703694,14912
5.345299308155617,14913
4.085981578839959,14914
3.894203210586068,14915
3.7503827488457167,14916
3.658387390228085,14917
21.667663699816686,14918
11.879708370874974,14919
6.088818821568721,14920
4.187847694913209,14921
3.0302842482277597,14922
2.721666889092776,14923
2.577612781171846,14924
2.4916354290284115,14925
22.346609074147267,14926
12.54514004888125,14927
6.711929923868547,14928
4.828844886839289,14929
3.7698268281890104,14930
3.245374424178649,14931
3.1452594134235614,14932
3.025898036975298,14933
8.25667654826308,14934
34.50597292428422,14935
5.245931395743914,14936
78.29623319922804,14937
25.58662104462705,14938
16.276367173436032,14939
8.944476906919043,14940
6.300229175079199,14941
4.9702099627207605,14942
4.812633475540606,14943
4.610210246029537,14944
4.401840260997097,14945
27.43448462961523,14946
16.303076186483455,14947
9.910430610839297,14948
7.134614520139232,14949
5.187432406464978,14950
5.24741414777448,14951
4.929351050458021,14952
4.652007791674392,14953
3.249623340535358,14954
23.312421877346853,14955
13.405429420848307,14956
7.267627995277537,14957
4.841962739935499,14958
3.4980740703443027,14959
3.120024524225589,14960
2.927837406009788,14961
2.966613151870927,14962
5.0356583336886525,14963
12.334581248985513,14964
30.616157454241357,14965
32.55116969366557,14966
7.139654180917965,14967
2.81889214930819,14968
22.853834280034963,14969
13.310931269106216,14970
7.281027553143448,14971
5.490160391944251,14972
4.334977525082286,14973
4.1123573189612355,14974
3.9223437764858504,14975
3.915012238916375,14976
24.367879238295455,14977
13.629971867860588,14978
7.2715177648512395,14979
5.205036287113795,14980
3.651053361204703,14981
2.9410413450146917,14982
2.867386646423245,14983
2.9329207822414953,14984
27.96875660245895,14985
16.05464308171003,14986
8.93991404564054,14987
6.795679823529267,14988
5.028098124737441,14989
4.94055003612002,14990
4.733439053896343,14991
4.717434492857482,14992
24.96896889766173,14993
15.397819002643894,14994
9.074148721015598,14995
6.94660264976877,14996
5.318454032070261,14997
5.506962044793224,14998
5.2411856862825035,14999
5.178626260475022,15000
2.180102163698486,15001
3.3277146351991154,15002
5.981760991965588,15003
3.2698834824730945,15004
6.276438896758739,15005
66.55737754568695,15006
39.274359380427136,15007
31.903057258038753,15008
4.354056556973788,15009
25.0473803953132,15010
15.556258751768622,15011
9.086910752449292,15012
6.917892454065937,15013
5.7675910284494964,15014
5.532738199633003,15015
5.227950461316756,15016
5.321011209595355,15017
25.0473803953132,15018
15.556258751768622,15019
9.086910752449292,15020
6.917892454065937,15021
5.7675910284494964,15022
5.532738199633003,15023
5.227950461316756,15024
5.321011209595355,15025
55.5752667411065,15026
9.51992798887637,15027
37.677836020011206,15028
29.306430670182426,15029
12.548522375795473,15030
20.717513333731134,15031
28.07545353532294,15032
6.821849491429461,15033
6.163376510481945,15034
22.04426654133328,15035
12.534649857634326,15036
6.562402185365209,15037
4.665139600415393,15038
3.482455279712011,15039
3.1472653821615646,15040
3.0238067946593676,15041
2.9219558092566644,15042
23.723275149232336,15043
14.491828496733051,15044
7.848942609597519,15045
5.811552129337336,15046
4.1723521929999725,15047
4.2109987768308565,15048
4.211464255113765,15049
4.292893383607069,15050
22.114096552085297,15051
13.374189375800498,15052
8.687614989296025,15053
5.549288804859082,15054
4.355414539427404,15055
3.648282745042386,15056
3.5092320244046187,15057
3.4624075902866718,15058
5.961739041222317,15059
3.4252489583403185,15060
2.7664375825840963,15061
24.811747383585843,15062
14.781477717559824,15063
8.34871919318833,15064
6.678715997951399,15065
4.3925418183459595,15066
4.10102526461673,15067
4.059318785808536,15068
3.691810290025145,15069
25.007082975860374,15070
15.117887771756273,15071
8.952803393620185,15072
5.336321761691877,15073
4.427479759655473,15074
4.191015562362075,15075
3.99814568316725,15076
3.90877372381577,15077
7.509082714198775,15078
4.251208901095426,15079
2.993593117119957,15080
25.327371566731966,15081
15.898071318060845,15082
9.087908951329156,15083
5.99825625722245,15084
4.526461741124158,15085
4.28949886804916,15086
4.16413348423993,15087
4.057039396584227,15088
20.769039630763945,15089
11.04884217474844,15090
5.390427514616273,15091
3.4502092134516773,15092
2.2894273573758004,15093
1.9662087379900028,15094
1.8475653228423363,15095
1.7708778906689888,15096
18.174902761742054,15097
14.863987227511721,15098
17.018691771026717,15099
6.0586162632888785,15100
5.841502836137252,15101
18.245482011764892,15102
5.5451572165601055,15103
2.2234617587848877,15104
8.349061366496,15105
5.194354333625176,15106
4.521195137034067,15107
4.589262483327886,15108
28.858199488039688,15109
16.91264815702542,15110
9.892707482171481,15111
7.616242816709815,15112
6.078668873264225,15113
5.7123762737754005,15114
5.487333784453881,15115
5.401409157766775,15116
25.544449451141563,15117
15.338412315645044,15118
9.300712552836245,15119
7.200039817987227,15120
5.967546866798643,15121
5.627037848080376,15122
5.4745112043606605,15123
5.380519423866519,15124
25.91510246442714,15125
15.718360619220185,15126
9.603643436024594,15127
7.568965451728878,15128
6.34351978996706,15129
6.003636672624186,15130
5.850797385754293,15131
5.758828615943585,15132
3.857518800607059,15133
23.402433389987042,15134
13.965329458779918,15135
7.483486955759024,15136
6.247927685925479,15137
5.009547980936197,15138
4.790575435661882,15139
4.423331144947606,15140
4.297915490560005,15141
24.9278023342564,15142
14.274767095469139,15143
8.763956730709296,15144
6.681591255303127,15145
5.129453006333908,15146
4.801924985206974,15147
4.891328681808585,15148
4.766220489036456,15149
22.574621619448262,15150
13.163344135574555,15151
7.808512523988399,15152
5.417868872593547,15153
4.340054327878858,15154
4.04820828737502,15155
3.9085185639019353,15156
3.8499117444343147,15157
21.899501000100294,15158
12.199900677502232,15159
6.37010567880924,15160
4.572728650975126,15161
3.3959674211203197,15162
3.0592319901298786,15163
2.939976321882778,15164
2.8411457283061865,15165
22.56907457575835,15166
13.017464632122856,15167
7.244638119797522,15168
5.306174967270923,15169
4.146601188875836,15170
3.8790985257574064,15171
3.7267335630372034,15172
3.6330661021358064,15173
22.51051472250519,15174
12.91571337699528,15175
7.1594861391284805,15176
5.228806545815877,15177
4.076345806398034,15178
3.762490311139864,15179
3.6445247133372067,15180
3.577108724595053,15181
14.441180550904457,15182
29.345611462682978,15183
18.271131669781923,15184
10.451005892534655,15185
7.413712111708806,15186
5.961094457465882,15187
5.358760376811688,15188
5.084464468023397,15189
4.961681971826479,15190
2.1782513106983363,15191
22.259121962608212,15192
11.95092810886315,15193
6.101509547097731,15194
4.15610903317717,15195
2.9422479629723557,15196
2.72014213128349,15197
2.5215251028875705,15198
24.969133496459243,15199
15.404497847190687,15200
9.328125005994949,15201
5.135991867454927,15202
3.5773330254637363,15203
3.396563448344004,15204
3.323549386354869,15205
23.34775438062505,15206
11.947802077244742,15207
6.1319199446036885,15208
4.192130236200298,15209
3.0059250771720065,15210
2.7363801494811066,15211
2.556876256501957,15212
48.47688060601653,15213
71.7336718288518,15214
4.665763112258378,15215
28.406184692737025,15216
43.92400497413329,15217
7.188827346515672,15218
24.494414529572847,15219
16.942574361228864,15220
14.390445543833698,15221
15.151897496096076,15222
5.726160999447262,15223
9.052682125059714,15224
24.980401030405297,15225
15.062378824800318,15226
8.982002730402234,15227
6.89502028603245,15228
5.40285676093658,15229
5.1229267563851675,15230
4.9917092920786885,15231
4.947917451673467,15232
24.9618750226394,15233
14.68046441834798,15234
8.007392135236799,15235
6.113553892880588,15236
4.822262848595883,15237
4.565886895906999,15238
4.436282316689403,15239
4.422914582325513,15240
29.279963740392684,15241
17.720928344974187,15242
10.282872862401147,15243
8.064424494959818,15244
6.632108159344952,15245
6.309074061550565,15246
6.0861148395054245,15247
5.989969158459407,15248
26.200166775847997,15249
16.924916394353744,15250
11.655849624033413,15251
8.784702783967473,15252
7.569470992617994,15253
7.409334843383658,15254
7.499320174432267,15255
7.3407999310968535,15256
9.978264220981966,15257
8.691245482866723,15258
6.811113233841157,15259
51.71406361401108,15260
1.442819763380924,15261
4.309543585947745,15262
4.14578699831534,15263
22.867103419836354,15264
23.404607339298387,15265
14.368927475570263,15266
7.394953932113647,15267
4.756961921645288,15268
3.4815159230802006,15269
2.898634173398935,15270
2.656904838491224,15271
2.6507090206035326,15272
12.48797121126757,15273
7.713122197250045,15274
7.041405991364207,15275
4.933716642430438,15276
1.9064143903020363,15277
1.871768808184438,15278
2.632517439541658,15279
2.3785891853380123,15280
7.09129726550354,15281
5.982908301511553,15282
4.763019658271659,15283
28.68940534825024,15284
16.82593796992862,15285
9.720440084030464,15286
7.338923001908359,15287
5.91721715339053,15288
5.508445779325477,15289
5.31903607136102,15290
5.209229520411465,15291
22.551640230656638,15292
13.203143902781509,15293
7.225943020788724,15294
5.532133385447913,15295
4.078686767572699,15296
3.690292261810631,15297
3.570982603876091,15298
3.4981025378269206,15299
22.551640230656638,15300
13.203143902781509,15301
7.225943020788724,15302
5.532133385447913,15303
4.078686767572699,15304
3.690292261810631,15305
3.570982603876091,15306
3.4981025378269206,15307
24.51804231961004,15308
14.310436905288833,15309
8.337505886137265,15310
6.421202080186179,15311
4.680172512969152,15312
4.55734676358905,15313
4.5116741019174835,15314
4.612921863795262,15315
1.503195420744114,15316
64.79814569750226,15317
17.992092822966022,15318
17.151170702608656,15319
2.326365709048016,15320
19.240106606482072,15321
19.592740693366178,15322
24.977716518004662,15323
9.31288837800792,15324
5.78684341116544,15325
9.012533588037432,15326
13.645039140958449,15327
3.205975922961633,15328
9.602150051527966,15329
2.8288281480219926,15330
2.9554032763036533,15331
32.207786669218045,15332
12.693401402327645,15333
9.336622423729356,15334
8.777055375812672,15335
9.62129480265764,15336
7.4208426447612075,15337
5.874750794362571,15338
23.002723330265656,15339
13.043670340977567,15340
7.768470784345047,15341
5.425206161069704,15342
4.2070133696023415,15343
3.80185165340758,15344
3.6849279827409274,15345
3.6423433421200904,15346
17.352266474802974,15347
9.41824133700567,15348
18.323983472590985,15349
18.34232464000267,15350
16.183140069445752,15351
24.540225770771123,15352
24.124182692130237,15353
25.304800874338767,15354
25.304800874338767,15355
12.730192371889736,15356
21.866039157423103,15357
6.464726110095876,15358
12.608443719627322,15359
9.397133336579154,15360
8.469765819283658,15361
6.350114371433871,15362
6.219894918309358,15363
3.1036333448350395,15364
11.02137732118405,15365
11.093596408948546,15366
7.360357184205998,15367
12.253211860999759,15368
12.018432945502514,15369
13.796382551147019,15370
7.632645383701406,15371
24.343174347946242,15372
12.159541430782028,15373
6.198353876681273,15374
5.003507371516306,15375
3.2260016982799176,15376
3.2549769242157587,15377
3.0047919160148764,15378
3.6316976100142435,15379
3.373373192117819,15380
3.4767676252540056,15381
4.517770961084283,15382
31.240449476950815,15383
25.469307975144783,15384
15.273642270430303,15385
9.164173008666465,15386
7.115479570071758,15387
5.912151043195017,15388
5.555475374837985,15389
5.401672583710825,15390
5.311313432938127,15391
25.45732220921845,15392
15.268161841554473,15393
9.152980783998613,15394
7.116317382685681,15395
5.912997533218555,15396
5.549490850089676,15397
5.393829591436348,15398
5.3162885833167675,15399
22.37025607348269,15400
13.342199259445875,15401
6.8635056254208,15402
4.838802201889546,15403
3.9222329652659296,15404
3.463068270500855,15405
3.16180661307963,15406
3.0319790164765754,15407
21.535196858641896,15408
12.046409001973622,15409
6.3011770478293,15410
4.267216129513295,15411
3.2110922591828097,15412
2.8819785193566516,15413
2.746511064130059,15414
2.6340590890735944,15415
21.889845159000586,15416
12.317380074625765,15417
6.593274032042636,15418
4.669737036253262,15419
3.5149443841639347,15420
3.1983917908307427,15421
3.0605856961076134,15422
2.975381676342008,15423
29.22865140502483,15424
17.79486485547,15425
10.57707233829279,15426
8.128614604585895,15427
6.568861783325719,15428
6.145091387255259,15429
6.017646943478948,15430
5.9742867111521765,15431
87.02697561306184,15432
13.841113560835462,15433
11.171960082440826,15434
11.61861779728551,15435
9.913757101523126,15436
13.923547950342138,15437
11.536660549909424,15438
9.84771432414385,15439
9.227129851903412,15440
6.444123386390639,15441
21.892580106836814,15442
12.262546081910916,15443
6.605327789887821,15444
4.7330746148800005,15445
3.5089902634816488,15446
3.179695501537254,15447
3.0848698906925858,15448
3.0007963387906225,15449
26.530969541157372,15450
15.710343330469469,15451
8.471747936544636,15452
5.978899815258911,15453
4.561031193665022,15454
4.287275214023827,15455
4.21884649002234,15456
4.1092273828494,15457
22.333371273746387,15458
12.707201810147096,15459
7.101718074564436,15460
4.823001822241708,15461
4.071695002368483,15462
3.8525320435899753,15463
3.3774832289775074,15464
3.145583114611533,15465
22.5103485882385,15466
13.15989333261256,15467
7.0396189432161735,15468
5.092421598498783,15469
3.9576155660546397,15470
3.352391341123151,15471
3.429474731227742,15472
3.3140768660499424,15473
50.334825551303254,15474
4.197031182350021,15475
11.40409207704855,15476
2.9537183956442985,15477
2.696553770910212,15478
11.415341724532707,15479
9.522540026355097,15480
5.974618149379145,15481
6.126097624622549,15482
5.943094928029343,15483
41.41385527704595,15484
2.8442319867175603,15485
4.2575175148902655,15486
1.911926982360536,15487
3.9996609847131084,15488
13.186300161464104,15489
21.01824768632901,15490
3.511560317356976,15491
4.107086425876518,15492
3.9995601286499998,15493
23.66188686095626,15494
9.504186908648345,15495
6.986691547660022,15496
7.290470178586939,15497
24.898971449947567,15498
16.34420521723126,15499
6.505745842018198,15500
6.663862662031442,15501
162.64470990969116,15502
155.22009856061436,15503
49.86233399754644,15504
23.712657385512887,15505
55.45189924248667,15506
98.63615676163711,15507
68.88197414504916,15508
58.51597873273622,15509
117.5095732133195,15510
4.018051047435811,15511
3.930319153883122,15512
3.799258364088467,15513
4.046465803674741,15514
8.572352541166127,15515
18.143488309793156,15516
54.13831719093158,15517
35.58294540901079,15518
30.674340336692875,15519
21.46048330433774,15520
9.864442423003181,15521
10.05261296422056,15522
11.751335905421989,15523
21.514706992729902,15524
11.889946402420389,15525
6.0869733330969975,15526
4.1626932697663825,15527
3.03278297832488,15528
2.70878519844229,15529
2.564136514108247,15530
2.4911334661600812,15531
21.489041303357265,15532
11.903475904814877,15533
6.106621289201123,15534
4.014531622935041,15535
2.9038552188554707,15536
2.601032771873824,15537
2.448527336354443,15538
2.3771830399334513,15539
19.38428659628857,15540
171.75299431598808,15541
10.743344905769343,15542
6.804598932835314,15543
7.749386961984885,15544
7.3213149444482175,15545
12.658563693037456,15546
9.993288730475967,15547
9.483735185627793,15548
9.094943978814689,15549
22.627851033107312,15550
2.9050455037630143,15551
21.40255294884702,15552
11.83545967310986,15553
6.089867861369615,15554
4.178941610442615,15555
3.0277342862366776,15556
2.7159248959734525,15557
2.5707184382416304,15558
2.4869576051790236,15559
38.43608945029505,15560
14.827022440563606,15561
25.91047589315774,15562
15.731788055217768,15563
9.960199860980437,15564
7.630070227932794,15565
6.3772799006714616,15566
6.0347372075425305,15567
5.935219404604962,15568
5.720473196093468,15569
25.91047589315774,15570
15.731788055217768,15571
9.960199860980437,15572
7.630070227932794,15573
6.3772799006714616,15574
6.0347372075425305,15575
5.935219404604962,15576
5.720473196093468,15577
26.08094410612648,15578
15.874649461919322,15579
9.77417688510522,15580
7.723026069615624,15581
6.474397301136127,15582
6.155985210254268,15583
6.00406508413496,15584
5.910689586256556,15585
22.73631227822588,15586
13.291564559483449,15587
7.428264766944311,15588
5.412256839188852,15589
4.236497943305044,15590
4.154778628622583,15591
3.998842824995451,15592
3.827953579882929,15593
22.8905432960634,15594
12.872739296322024,15595
7.539351031698158,15596
6.008770933363572,15597
4.638496075165705,15598
4.592366832285889,15599
4.444962675523372,15600
4.177020134207207,15601
23.457529924893297,15602
13.998600638866208,15603
7.901827788671495,15604
5.803681303378599,15605
4.697163516379494,15606
4.383151322610072,15607
4.14848649971691,15608
4.033571125931691,15609
22.43837834856423,15610
12.863931069839465,15611
6.949537812149202,15612
5.189873116461175,15613
4.083691290638102,15614
3.7446438520940295,15615
3.612324349014457,15616
3.51149286662524,15617
4.384015255761694,15618
21.333772828734276,15619
11.800548835198096,15620
6.010078974258946,15621
4.108440392611474,15622
2.9565170574858946,15623
2.643758308759063,15624
2.5006589143181586,15625
2.4204093682316854,15626
21.367953701843728,15627
11.801590205598336,15628
6.061448918817386,15629
4.13499797626048,15630
2.9984905972761555,15631
2.687491256926719,15632
2.5441848354553884,15633
2.459393198216621,15634
21.338364981632417,15635
11.831432084503973,15636
6.087250642148328,15637
4.197173357230283,15638
3.051437486487402,15639
2.726566567423617,15640
2.581432094902527,15641
2.5071507881547364,15642
18.197502749521664,15643
15.429295768204426,15644
10.728309933686866,15645
16.940009026502455,15646
6.337532723488603,15647
6.313477242653896,15648
5.274326012562558,15649
2.062980802870563,15650
6.064437532873142,15651
4.339096326283226,15652
4.31791859539067,15653
3.603405936105068,15654
2.7073129740691027,15655
8.282731305766188,15656
7.792443401064984,15657
16.895115441353084,15658
18.57684413402374,15659
18.767039160215532,15660
20.7620468344851,15661
10.288764038326146,15662
14.141451968747983,15663
28.572777674436725,15664
14.318188269315815,15665
7.915412087265897,15666
6.383661238039842,15667
5.36168812976044,15668
5.21826315167085,15669
4.816335982915415,15670
4.607344810448692,15671
5.325813147758876,15672
9.662764777166073,15673
29.167472791323313,15674
17.872236054603338,15675
10.9100521182791,15676
8.453994483962546,15677
7.042901537436171,15678
6.669264876883425,15679
6.318329725980528,15680
6.232822228334293,15681
26.187362471429513,15682
13.166420790944992,15683
9.101415922664001,15684
5.774742245421436,15685
4.559210297588783,15686
4.498459613894288,15687
3.8964554865383065,15688
3.7566501434340935,15689
25.721025947489316,15690
14.166399644154817,15691
9.299857262033797,15692
5.9349823927341125,15693
4.963407713193286,15694
4.763960165075285,15695
4.315338731784838,15696
4.219196786649031,15697
6.571462743209255,15698
4.390191645145498,15699
21.636028546442482,15700
12.08584027648935,15701
6.346045561062448,15702
4.669839239451179,15703
3.371411133539032,15704
2.9462673277773215,15705
2.8120886949269686,15706
2.7270058778881983,15707
9.380886721386945,15708
21.627384603565076,15709
12.06628831213057,15710
6.387178471237727,15711
4.355560380222299,15712
3.2463611833470876,15713
2.9223870140675525,15714
2.783839908467142,15715
2.689796163713385,15716
1.9235569169612858,15717
3.9448753257319673,15718
4.538067107795195,15719
6.011630506272525,15720
9.475111029467717,15721
7.290422316681051,15722
6.780051213759616,15723
6.22533742290347,15724
28.001948173272474,15725
15.717080449877761,15726
9.185986310950346,15727
6.880394408781275,15728
5.263890720941715,15729
4.955511716182877,15730
4.761318671103525,15731
4.645178195736629,15732
22.094957080099686,15733
12.426514074206256,15734
6.596044302006245,15735
4.66489829971777,15736
3.549106392362584,15737
3.193106722735221,15738
3.0955174418542084,15739
3.0297693407435946,15740
25.096111828045775,15741
15.838489394480536,15742
9.045384491171557,15743
7.901818693543311,15744
6.025856277825287,15745
5.778653733929484,15746
5.478077672295667,15747
5.456010010109967,15748
1.2958511635948018,15749
42.70297899102807,15750
15.820563065335245,15751
12.485392770220388,15752
5.502190205234145,15753
5.258929893209161,15754
9.13741844054823,15755
21.411237614645245,15756
7.5253361919136195,15757
4.228926906305088,15758
4.686405252757805,15759
2.7581764121350445,15760
4.430284085570829,15761
3.3927019580369837,15762
6.8745634333305325,15763
3.2099721220679402,15764
5.216015640014459,15765
4.677256681789312,15766
4.328706452882885,15767
5.754568977114053,15768
4.224162614758655,15769
5.863963663163494,15770
2.8459529174265645,15771
17.465528613034145,15772
9.609757844404774,15773
7.510445973225956,15774
5.716751823821327,15775
4.8979966552294005,15776
3.758620815869192,15777
6.026843201735369,15778
4.307168913319034,15779
4.669599335891004,15780
4.452959780079168,15781
5.780340819871351,15782
3.5707875168509142,15783
4.681054170503717,15784
9.231962556244515,15785
37.1930992360402,15786
21.304940080276776,15787
9.193639280327801,15788
8.968362224445514,15789
7.499926558387055,15790
27.509294860441287,15791
18.07243033766893,15792
11.035866384282993,15793
9.842143661878266,15794
7.80268191893491,15795
7.3620176825947246,15796
6.90235218397663,15797
6.966443620136883,15798
11.760449990970573,15799
6.6520743548723775,15800
8.560353525673852,15801
5.951289703149353,15802
8.461887485094413,15803
5.220729281568343,15804
3.7218838019903684,15805
10.289329130195057,15806
11.945095534076563,15807
3.268995806888183,15808
22.106851685736395,15809
12.879513198956875,15810
7.687160404404373,15811
5.114501855847548,15812
3.981800486481292,15813
3.63682886672133,15814
3.5776434501513386,15815
3.3996252948668713,15816
22.468294189319124,15817
13.07216649019644,15818
7.221555710328274,15819
5.320691302051751,15820
4.127603620648529,15821
3.931842454919368,15822
3.7907324837377985,15823
3.62662325732055,15824
80.10252358269332,15825
59.79900202518804,15826
7.101513605093811,15827
5.321460739488115,15828
4.847408162539791,15829
4.272161963877723,15830
30.525082429702397,15831
7.3212538394124165,15832
2.2680257178859953,15833
47.00961194277096,15834
5.9098967201839745,15835
5.9098967201839745,15836
3.9905336261439803,15837
17.191452402037218,15838
30.091428628277544,15839
16.863570862016786,15840
20.03914383920649,15841
4.916941166339306,15842
1.7291869703972664,15843
9.805606728466504,15844
5.606407484036898,15845
4.989054068769103,15846
24.845819884621914,15847
15.38852137081113,15848
9.013347515047752,15849
6.666627028611816,15850
5.05819782748779,15851
4.807613508191137,15852
4.259344660296688,15853
4.216525201304645,15854
1.4247091621532249,15855
2.7045133255225013,15856
11.163022471992106,15857
6.995047234403414,15858
4.5411841602757965,15859
2.060011790118329,15860
3.138945354390449,15861
5.010030710568163,15862
32.91881284209816,15863
25.312903771524574,15864
17.081859236134623,15865
14.228635195919276,15866
8.003051793152784,15867
2.6921822695463162,15868
7.346680839707928,15869
3.0492641891981864,15870
14.850181756368961,15871
11.657602346474697,15872
4.901214726577839,15873
3.403644498812398,15874
11.94293560557417,15875
7.857376269932794,15876
7.763043504527509,15877
6.985806586993548,15878
7.103895547195554,15879
10.924464042705806,15880
9.290623742078703,15881
8.092985062378013,15882
7.293347362110827,15883
6.365082731903414,15884
10.573205647843697,15885
8.122598332384099,15886
6.3398172274867495,15887
5.361094895247367,15888
14.681199935865266,15889
78.51451243334508,15890
59.78620826204472,15891
16.08149044152996,15892
27.915147427374592,15893
16.32229033696684,15894
9.244774285900244,15895
6.868655403592413,15896
5.652986701537869,15897
5.289799261228975,15898
5.073922115872011,15899
4.756734423268951,15900
22.647818985494702,15901
12.957534233443086,15902
7.177477766260358,15903
5.299698596623687,15904
4.064285109188533,15905
3.9237857572953665,15906
3.802363466422865,15907
3.713087006807693,15908
22.373754749836824,15909
12.611372289286605,15910
7.0956434875910865,15911
5.043855607881075,15912
3.779655374387948,15913
3.4330397921998976,15914
3.3360277898318658,15915
3.2817683642002664,15916
26.618704333717858,15917
16.41991934890393,15918
10.428134551617347,15919
7.609504892177193,15920
7.22530831197023,15921
7.119472682594265,15922
6.664704215161239,15923
6.661150888317457,15924
22.48737151563231,15925
12.969206012402358,15926
7.512526086934731,15927
5.188588979847147,15928
3.829220693029642,15929
3.513295550766672,15930
3.3743773278058735,15931
3.3662096148566993,15932
22.558099745349733,15933
13.239131709541633,15934
6.8991295199486204,15935
4.76019346550522,15936
3.6140233967554716,15937
3.306851964785725,15938
3.3293898750448374,15939
3.306523207188172,15940
21.789886802029873,15941
12.33324775768627,15942
6.520850071960198,15943
4.64727632837188,15944
3.465232756311997,15945
3.1481885072874767,15946
3.0106551573472804,15947
3.0704082123216216,15948
21.881355329906214,15949
12.202920840428002,15950
6.44464419128773,15951
4.558897444936172,15952
3.3433596865680544,15953
3.067428560495924,15954
2.862854920937048,15955
2.80252385281437,15956
9.950070033263158,15957
7.199969961396555,15958
49.59171428848268,15959
36.596083662865105,15960
6.6269829657229655,15961
8.09036128018513,15962
28.508452693613503,15963
16.501176507356824,15964
11.106936791799503,15965
9.350077195415679,15966
8.149901885036652,15967
7.661267801060681,15968
7.3913048340583645,15969
7.3130657274741715,15970
5.370816443678077,15971
6.8456482349346,15972
9.068884410449114,15973
4.283837593627245,15974
12.063995337318397,15975
8.134097234394023,15976
7.377029285009819,15977
5.733353774134525,15978
7.256818693865903,15979
12.78676555322018,15980
14.624674238623635,15981
11.600517724451272,15982
8.471866354948235,15983
11.424104943411637,15984
7.125682439625442,15985
6.693543291507432,15986
5.159348054777821,15987
15.594148219893066,15988
6.590579910588664,15989
6.591274674789454,15990
17.539188981347774,15991
16.804307258209956,15992
11.291288632209488,15993
9.555724911840448,15994
34.267291511429754,15995
37.19283304619555,15996
32.10854126899684,15997
23.92192899403221,15998
13.497555179316219,15999
17.886378544016594,16000
11.601835289444168,16001
2.6504675342557373,16002
1.9341023119090153,16003
13.99911998022483,16004
1.4028710889993279,16005
4.824379756248942,16006
38.01047952681718,16007
3.069460724429829,16008
4.665520556335158,16009
4.014639858591301,16010
2.4547382698661906,16011
3.2925499444909705,16012
2.839683153166752,16013
2.704782605806947,16014
10.297721595990799,16015
7.543619881077038,16016
2.9309542727036773,16017
25.84813383986762,16018
15.455657092217118,16019
9.408648050147017,16020
7.38979392236768,16021
6.702222202700058,16022
6.487249864248288,16023
6.162432924795032,16024
6.111107444378092,16025
7.324487381127224,16026
3.960995280545763,16027
4.193059337717334,16028
1.1665308796400284,16029
1.7200533771281263,16030
7.477159079557504,16031
2.5065935590372947,16032
2.9334551947503993,16033
128.55457381326397,16034
2.8683545720402934,16035
7.160575792187868,16036
4.758305904052072,16037
4.630661454956617,16038
24.6414369044247,16039
15.453098074767752,16040
5.8559388985563725,16041
6.34486625776916,16042
2.218119064085271,16043
7.529770112876457,16044
7.476962852904999,16045
3.6645574795422506,16046
5.648549131561763,16047
3.8329991937450787,16048
3.4649136816618387,16049
6.371599810162411,16050
6.346365098917679,16051
6.088705293087676,16052
6.070077598898728,16053
17.616956314741387,16054
3.983322997091266,16055
25.00180258232143,16056
15.07802521749978,16057
8.879601240866501,16058
7.175835673987203,16059
5.673847404475304,16060
5.450808224492775,16061
5.331453830648119,16062
5.026011329636056,16063
31.652226438971145,16064
5.460178782283912,16065
9.302100381350268,16066
2.2657035367361655,16067
11.98542564978223,16068
10.14315155880827,16069
8.502574092491491,16070
7.5928971253846615,16071
14.393465279866655,16072
10.634424902537788,16073
9.96327969762736,16074
8.748290378859057,16075
5.84486875099798,16076
12.100872505152937,16077
11.308838964291876,16078
10.59367056042365,16079
10.217871245572923,16080
8.542341311571539,16081
22.983304941914678,16082
22.12331090287688,16083
48.54503302929039,16084
9.820983822744692,16085
11.79606739327513,16086
9.725832435434894,16087
4.0414964344378435,16088
2.5916195185798863,16089
5.548218982504722,16090
5.042489329174688,16091
5.1881295571827355,16092
6.957284065828297,16093
4.404317922514627,16094
8.03787640864897,16095
6.184097160208262,16096
4.83953416732682,16097
4.619499003134786,16098
3.926542437368135,16099
22.21523972038975,16100
14.945648443886034,16101
17.041900562595306,16102
9.978399152175417,16103
9.50364741758881,16104
5.700319813639309,16105
27.98965966446942,16106
16.895894245472544,16107
9.703075334358612,16108
7.148007717995877,16109
5.936737783435392,16110
5.481022069375963,16111
5.5287898760156375,16112
5.382064965206759,16113
6.105521737869151,16114
2.8723036258356234,16115
3.8616569689571127,16116
21.260424191365093,16117
3.2653166110151206,16118
3.2620179630826858,16119
1.337453108277145,16120
12.988410070109431,16121
9.168250185099149,16122
28.48974301711671,16123
104.43777385978998,16124
16.596110961100248,16125
4.376793797255921,16126
10.875827235286085,16127
9.370688846077512,16128
5.045017243696374,16129
2.96114518538384,16130
2.9683535125707516,16131
7.341487413122645,16132
14.458555306784586,16133
17.590055450469464,16134
12.108643292600842,16135
10.963845559570817,16136
9.0048582212259,16137
3.1886763344222713,16138
3.2046124385959858,16139
21.882284828821494,16140
12.195420002370032,16141
6.505080654135114,16142
4.516413574422016,16143
3.3677675365458155,16144
3.0945261593418096,16145
2.9495489118620224,16146
2.860965137487999,16147
10.43978616352359,16148
7.767685112100548,16149
23.641920411908632,16150
14.823253053802693,16151
8.095054501005528,16152
5.800828337504249,16153
4.617036155612771,16154
4.36179165635664,16155
4.320270018883093,16156
4.386946559654395,16157
5.871038783604106,16158
5.045931097872989,16159
71.17986748863252,16160
27.141037963369612,16161
16.511223363441154,16162
9.462035199946188,16163
8.50958610416239,16164
7.491552519696835,16165
7.137539596383131,16166
7.070033409786899,16167
16.619251994718258,16168
7.82036721518605,16169
7.82036721518605,16170
6.387882760748158,16171
26.745092791902895,16172
15.418903441664547,16173
9.525715772490024,16174
7.146004901636415,16175
6.157603276265568,16176
5.6316457579206896,16177
5.351748441852378,16178
5.2406927160185734,16179
22.334675728443393,16180
13.213616672629971,16181
7.521746138136858,16182
5.299264902934108,16183
3.925058850306436,16184
3.416998774224207,16185
3.2034738625346284,16186
3.157199477553976,16187
21.75097969604834,16188
12.188376283654984,16189
6.453322930595233,16190
4.6033263465640815,16191
3.3815514989724464,16192
3.065832139945801,16193
2.947160747998206,16194
2.8446592641953505,16195
21.599622819859885,16196
12.319709456697517,16197
6.313588380410735,16198
4.359398468304479,16199
3.1870987022702137,16200
2.8683071214364215,16201
2.755457869904326,16202
2.651446217961954,16203
22.163959855152264,16204
12.605338484693394,16205
6.6128119733541615,16206
5.064837918610298,16207
3.744784394518858,16208
3.649280083463702,16209
3.4048059551627547,16210
3.263391771359643,16211
5.992288879336356,16212
12.57235281920171,16213
29.81022037396461,16214
30.921110006148364,16215
6.747521948157586,16216
2.2922047231217597,16217
27.758753644276275,16218
15.901153226692495,16219
8.771068797597142,16220
6.24064969450919,16221
4.9153078659055325,16222
4.461731759991638,16223
4.285459240185568,16224
4.263661925384634,16225
2.7904196940358497,16226
2.2454055160202198,16227
2.559158498823544,16228
1.8918541595402478,16229
23.094342585122686,16230
13.034085596569726,16231
7.42021734016198,16232
5.362436725834342,16233
4.186205629253451,16234
4.000676101937192,16235
3.8522176302334947,16236
3.7466896714721365,16237
2.981107037875342,16238
2.6038708920861278,16239
7.158474170332557,16240
6.356269916479943,16241
18.04732752760915,16242
17.49104154638222,16243
10.17913789701626,16244
10.512682120403925,16245
3.260598192816252,16246
19.369388375898716,16247
6.662952140342234,16248
5.346987181397056,16249
7.264197551696299,16250
27.449151617348278,16251
14.886061364176397,16252
10.280244290201729,16253
6.431917661261315,16254
5.1353394100345175,16255
5.195154870834898,16256
4.915850049795896,16257
5.010906955307899,16258
27.79056949875602,16259
17.695350660568465,16260
10.000328462382262,16261
8.649709181905854,16262
7.08149417437088,16263
5.644234028637566,16264
5.598355557389787,16265
5.503249223564903,16266
3.8018394360105736,16267
9.257558982789783,16268
3.4487019727104857,16269
2.4849866622974925,16270
18.543409347472192,16271
5.311836477388208,16272
48.46737726466645,16273
57.12883924176848,16274
7.704885027139959,16275
4.362736309846471,16276
3.9645193525126246,16277
24.902929360953447,16278
14.520780830426405,16279
7.875021360288941,16280
6.257433918461487,16281
4.815852638611135,16282
4.426597101233651,16283
4.269762867406099,16284
4.171218006200164,16285
6.354407472863727,16286
5.4175885349250485,16287
27.83432403933049,16288
8.845437681272909,16289
4.251545994589014,16290
6.668026406323507,16291
3.4460901118182212,16292
6.243283212106112,16293
9.532784652365004,16294
9.05983024043689,16295
22.17158171712739,16296
1.202464488544574,16297
1.1886720931703778,16298
96.75609078267617,16299
81.71417869532546,16300
8.92239247423588,16301
9.182605050217074,16302
43.958649799630514,16303
38.406048228696704,16304
33.76217079082679,16305
19.13040436361504,16306
23.04799691018988,16307
13.20444811907693,16308
11.684814717349012,16309
21.632014605429028,16310
10.177072320194583,16311
11.930729080396915,16312
12.692567952133183,16313
14.142600174822885,16314
6.123281049852216,16315
6.237355062559674,16316
8.274989220098394,16317
8.072485108207532,16318
22.002435562485108,16319
43.71744368842021,16320
20.66867075493117,16321
11.734378452352104,16322
12.445209880283409,16323
2.3256615420501863,16324
1.8742647554085863,16325
2.2092438764671827,16326
55.918102826771005,16327
4.376081468933825,16328
219.97245965182282,16329
76.40609937016171,16330
6.2641312110945435,16331
22.513953800096548,16332
20.25778708919703,16333
26.73251129301581,16334
14.109989141953168,16335
7.663430467561744,16336
6.087133985026421,16337
5.730349623511745,16338
5.106940126391034,16339
4.940577097474403,16340
4.7057386284605345,16341
4.53795382967789,16342
3.953159351587212,16343
28.267488435562324,16344
29.164510399771416,16345
17.20815619262856,16346
10.088096889441074,16347
7.821791924997791,16348
6.264035654544735,16349
5.900507388893538,16350
5.857493014135273,16351
5.669300080897596,16352
20.959479755461594,16353
12.975212782435012,16354
6.194032992577107,16355
4.3373078891650545,16356
3.1565867591383636,16357
2.830417470754643,16358
2.6962401757258774,16359
2.6214586116928573,16360
26.9252714455689,16361
16.656247376791484,16362
9.262917671413561,16363
7.232258775412537,16364
5.804090438799381,16365
5.606373551993278,16366
5.33293484440878,16367
5.289495408016284,16368
10.748523039818133,16369
28.607572120233367,16370
16.421078430334443,16371
9.525327517443156,16372
7.142697442021696,16373
5.456085063546092,16374
5.06347224857711,16375
4.902870637490367,16376
4.759758348247446,16377
3.859139889918877,16378
3.8186211691492478,16379
4.178376650199083,16380
11.16922783059677,16381
4.521512796401017,16382
4.453404368883202,16383
28.27406462389966,16384
16.308459282915187,16385
10.02531215467133,16386
8.10301363251643,16387
6.503448923670637,16388
6.1256834979242765,16389
6.19233057541645,16390
6.016262113779423,16391
7.315068113210193,16392
2.7765937519960024,16393
4.7983068000983735,16394
6.800950293876903,16395
8.015141657818614,16396
29.477397730843943,16397
17.90389681912619,16398
11.090315543949345,16399
8.679390874496356,16400
7.473316912192284,16401
7.396343561565698,16402
7.2764925418840845,16403
7.248707641078244,16404
29.027837162083987,16405
18.65953373008975,16406
9.919742495480246,16407
10.539872976991132,16408
8.734768114872605,16409
8.12208383063474,16410
7.890618167291212,16411
7.704326405364025,16412
33.066407661547515,16413
9.572993125918556,16414
8.41621523300195,16415
5.374739133068925,16416
2.918059112222598,16417
25.22130501153042,16418
15.108245043705322,16419
8.726234636805783,16420
6.028034380625464,16421
4.503881071339671,16422
4.332622055622968,16423
4.342288856446623,16424
4.1977505922999825,16425
2.6098535777122875,16426
3.0326341170977185,16427
10.268690808149442,16428
10.256594559791777,16429
9.056766166098239,16430
8.563271381330447,16431
7.6085493833331554,16432
22.137103182906163,16433
13.607450241117677,16434
7.073305511475988,16435
4.77254922190982,16436
3.526987267561021,16437
3.0749747345293343,16438
2.865240522273063,16439
2.8321696931566067,16440
26.373212306528863,16441
15.438663229473505,16442
9.14064509308667,16443
5.744367107392318,16444
4.757817509144324,16445
4.71603105315532,16446
4.3756809042714195,16447
4.386054484584064,16448
26.44579409940902,16449
15.540869284319664,16450
8.055518477822176,16451
6.6377732700597205,16452
4.490864295190814,16453
4.4484190841436035,16454
4.264563387549625,16455
4.141074572353024,16456
6.894316801857064,16457
3.8145059636406433,16458
8.193544501473724,16459
43.519852052961355,16460
26.924356525986,16461
15.875807173381503,16462
8.849467548620844,16463
7.287322426366438,16464
5.506161661580791,16465
4.537291987697283,16466
4.753109019567725,16467
4.727830876181327,16468
25.29618083608413,16469
15.052303336390631,16470
7.889641235426176,16471
6.709612052491848,16472
5.089283802065877,16473
4.842351004451904,16474
4.402551838549292,16475
4.3137474548774,16476
3.8807782597489306,16477
7.262089790533908,16478
33.66044640244636,16479
56.7586998870472,16480
34.41567407429259,16481
6.668092217322714,16482
5.265265953769782,16483
7.547972786135128,16484
28.413288307764944,16485
2.220484824924156,16486
31.09347526591491,16487
6.931144505331257,16488
2.549569564485372,16489
10.481260473521775,16490
10.549453145400348,16491
9.59775692433563,16492
8.072186848305012,16493
1.9122518631202026,16494
4.938518514557824,16495
34.43338520139356,16496
9.04563124983188,16497
4.673024464667432,16498
7.72947978339108,16499
8.11964855803235,16500
5.348211599331884,16501
13.828184107152634,16502
9.700533639525881,16503
8.471657113094947,16504
6.227561332812782,16505
5.746018624678517,16506
12.960975588124054,16507
24.5406587082554,16508
23.15159604204524,16509
13.937693543393975,16510
7.409579858565772,16511
4.778938751973969,16512
3.653885487951673,16513
3.15396658866558,16514
3.028629830822283,16515
2.9709191038404943,16516
14.818788703937205,16517
25.167529793097508,16518
14.590025133636363,16519
8.80380725272431,16520
6.707841027716605,16521
5.557131920404996,16522
5.133876292798425,16523
5.024340111618496,16524
4.977266057503322,16525
30.483758385453065,16526
18.217786952631155,16527
13.759048397275931,16528
11.135279007319848,16529
9.785461887778899,16530
7.770033832984334,16531
7.671494885630225,16532
7.66563309229959,16533
30.10297938627655,16534
18.169086664328088,16535
12.573756756871376,16536
9.983163263037895,16537
8.697185073940133,16538
7.777894140203724,16539
7.672360037187589,16540
7.65629818186925,16541
44.0832780854802,16542
5.162952743171224,16543
5.461092767668393,16544
12.972085918198173,16545
9.983504583440004,16546
31.799312993493956,16547
7.128567983424128,16548
2.6831911189897415,16549
11.054135413029618,16550
7.934496336497291,16551
5.268985076727308,16552
4.25908788356455,16553
3.864764402840463,16554
3.6683580492982104,16555
8.575228760980389,16556
5.237199039563222,16557
4.557169623379776,16558
4.017612317422876,16559
3.879401461884886,16560
9.857163867653053,16561
6.9935445700326815,16562
5.63508835182176,16563
5.0543426386589765,16564
4.761773502003684,16565
8.180177565473528,16566
5.226835819979519,16567
5.045815266776501,16568
4.091332800031276,16569
7.9933117531584275,16570
5.271915330406143,16571
3.985618210526775,16572
3.9537559832838225,16573
3.7700285612739144,16574
8.548422902758023,16575
5.261846774096665,16576
4.426567005542174,16577
4.2596784343002545,16578
4.06047133834788,16579
10.104213315293862,16580
6.922416668262471,16581
5.564906444266959,16582
4.863886793217203,16583
4.59837731472287,16584
8.178172144672574,16585
5.341439383671831,16586
4.249303422142194,16587
4.1829275124861205,16588
3.8176670388225937,16589
11.674591121390664,16590
7.062531053703609,16591
6.053495996552479,16592
5.6474394093934075,16593
5.524038000207429,16594
6.723283729046484,16595
3.4608354951912013,16596
2.8546753018278084,16597
2.911893273991459,16598
2.644223048319952,16599
6.392320615563874,16600
4.62020669933531,16601
3.463465346143942,16602
3.1524799047836964,16603
2.8704917874766127,16604
9.746559898143726,16605
6.496987322193677,16606
5.291625669294617,16607
5.031836716477872,16608
4.588374775278111,16609
8.54754688180949,16610
6.393556170618831,16611
5.360440498393365,16612
5.3014107925459255,16613
5.072371338462013,16614
8.306351796110919,16615
6.552999230378506,16616
5.680218215524261,16617
6.212608122079421,16618
5.884221673325031,16619
12.074477065609054,16620
6.967657063436343,16621
5.809512402719203,16622
9.256728186728372,16623
5.891650024217034,16624
5.116580072699412,16625
8.798820332781595,16626
6.403816117871473,16627
5.255408577543146,16628
5.097394693428744,16629
4.612320105492079,16630
7.594854705970839,16631
6.165098037718424,16632
5.327277156521546,16633
5.144704215738206,16634
4.870820997662459,16635
8.330278178257243,16636
5.376079082537487,16637
4.242524161673038,16638
3.4098374987957687,16639
3.259265779026752,16640
8.602158403859294,16641
6.312528952124025,16642
5.310833877530172,16643
4.649372475420991,16644
4.193749326908454,16645
6.877927806036989,16646
4.625296569817838,16647
3.9148780711657225,16648
3.5027610099888493,16649
3.4625915839083743,16650
9.24281401906763,16651
7.041904828797764,16652
5.706400586869652,16653
5.109469259303467,16654
4.789224412784685,16655
7.097074077695628,16656
5.913534009061711,16657
5.034842419574363,16658
4.870507297353137,16659
4.581462034854889,16660
9.343218520238837,16661
6.937700637666969,16662
5.660549822391217,16663
5.014033186123427,16664
4.706362316546261,16665
8.87158841199876,16666
5.539825458548743,16667
4.235744118491642,16668
4.169987526227538,16669
3.9443594411996883,16670
27.679540810654526,16671
15.749106285665162,16672
8.664652665728918,16673
6.421926847515909,16674
4.97143933285978,16675
4.5496260745230455,16676
4.239137958609188,16677
4.149069200635373,16678
22.88267138937329,16679
13.890933377088766,16680
7.580453017733544,16681
5.343140820117512,16682
3.7366693126496107,16683
3.4936553578775844,16684
3.349780890994246,16685
3.4232025610546297,16686
3.208728516269898,16687
4.731721202018825,16688
32.05833934141675,16689
19.360322820015387,16690
15.511118150449624,16691
10.243233972879233,16692
9.22518019595009,16693
8.381426164335549,16694
8.378015669840375,16695
6.642377398034084,16696
8.408710807560928,16697
7.592415689228953,16698
34.526685894964366,16699
28.846568034863907,16700
19.572382983297526,16701
14.93756861040275,16702
10.891230596335468,16703
11.595091302356668,16704
9.311356706725377,16705
8.635514562159118,16706
8.684573603173037,16707
27.268466442302227,16708
17.140073811844065,16709
11.128953660211927,16710
8.835856875400937,16711
7.392944638610792,16712
7.274638306503862,16713
7.227006825058202,16714
7.209441519727468,16715
35.23222194385773,16716
12.00454652053742,16717
2.5508446437470007,16718
14.090596656621289,16719
11.173177001820559,16720
9.291104130440669,16721
8.56119850699239,16722
8.572129393758322,16723
48.73870550861177,16724
14.244200031003462,16725
13.705220593528354,16726
13.11363437676687,16727
13.07078328236575,16728
10.627915332530392,16729
9.773332942157014,16730
7.977373955350079,16731
3.977744709321825,16732
3.935913982126637,16733
24.557440193986952,16734
22.66837441538083,16735
6.526959678938644,16736
2.5384649787652966,16737
2.7704229639361997,16738
11.32677647805146,16739
26.904125291088377,16740
13.023313342326334,16741
8.54274551937105,16742
6.41583623647988,16743
5.0721762920012035,16744
4.801569419730657,16745
4.530234323917963,16746
4.319145345486667,16747
19.081986300852925,16748
3.939904727017077,16749
25.47265193198105,16750
26.555872935372022,16751
13.59196069082909,16752
8.876699973233048,16753
6.6236338698132835,16754
5.258685203362709,16755
4.848860298924663,16756
4.735619587416543,16757
4.438154150296051,16758
22.625015663914734,16759
12.716619801437554,16760
6.684666897631533,16761
4.457954504004643,16762
3.140635384595396,16763
3.1796688210907624,16764
3.082211869785091,16765
2.9908316713311094,16766
7.3935525803016775,16767
27.252665768680938,16768
16.14744044453701,16769
8.883457072550318,16770
6.084563858124224,16771
4.8611623614576835,16772
4.718249492181445,16773
4.506564567499494,16774
4.479925546674872,16775
15.8942042053142,16776
15.894429410339564,16777
14.731791730607995,16778
23.71784940999525,16779
25.17192564207456,16780
22.07141890762931,16781
12.513983541288406,16782
6.762845973010411,16783
5.042268449768554,16784
3.885961201236696,16785
3.6019160774709102,16786
3.341874664406234,16787
3.2499254389861987,16788
22.07141890762931,16789
12.513983541288406,16790
6.762845973010411,16791
5.042268449768554,16792
3.885961201236696,16793
3.6019160774709102,16794
3.341874664406234,16795
3.2499254389861987,16796
30.840448971022834,16797
20.957263526605225,16798
13.926070392857609,16799
10.459452837585754,16800
8.59857145075666,16801
8.00467553654255,16802
8.18637417532903,16803
7.838906462130699,16804
29.860469981557777,16805
21.87129646214094,16806
16.572693919357228,16807
14.392837669909094,16808
12.50981869333558,16809
11.836769882136265,16810
12.046394175591235,16811
11.771450317398052,16812
29.01156054015018,16813
19.178386393031065,16814
12.838310952708557,16815
8.22112112788232,16816
7.712966130396992,16817
7.561297917011402,16818
9.488724815120385,16819
9.263061826359971,16820
20.809077735723918,16821
11.364326244944182,16822
5.567638473742619,16823
3.6541589713988483,16824
2.516548169192568,16825
2.232716198702424,16826
2.062443412173333,16827
2.010839142491541,16828
20.809393952922733,16829
11.029888434028527,16830
5.331059236953649,16831
3.437046135793888,16832
2.334285373714773,16833
2.0023591836977532,16834
1.8405993430421217,16835
1.742691176220933,16836
40.1346022873457,16837
15.87251831630018,16838
11.633680383104368,16839
10.941957896054003,16840
9.875713396274309,16841
18.87944511308034,16842
12.038802099897636,16843
4.966664126651445,16844
3.3466170675426268,16845
2.024904984346321,16846
1.7147771509034528,16847
1.7255159665747966,16848
20.585679949982996,16849
10.981333095795685,16850
5.222677818744653,16851
3.294859492609318,16852
2.1201258530054607,16853
1.8352016676074303,16854
1.7045402402585454,16855
1.6261471477825853,16856
17.687381602636385,16857
12.24746763471042,16858
4.739516659083513,16859
2.896353157538269,16860
1.9407804391505616,16861
1.7781747208411434,16862
1.784003495483788,16863
1.6460761822863923,16864
18.519736323512582,16865
9.556676532235029,16866
4.659842413396976,16867
3.1121610154429526,16868
1.8679125787401196,16869
1.8210057463777383,16870
1.812484664054588,16871
1.834101000156366,16872
20.729203626637524,16873
11.060708754522457,16874
5.335430816094001,16875
3.4113047303406536,16876
2.275207158778828,16877
1.9652556396087226,16878
1.840606584434749,16879
1.7457463888736702,16880
22.507276293835325,16881
13.066537776194872,16882
7.2408485010591965,16883
5.2948937719067235,16884
4.327668622778498,16885
3.911876360796732,16886
3.76546205104102,16887
3.785355638734028,16888
21.904483382583205,16889
12.657199553792115,16890
6.832406197379588,16891
4.696145223027557,16892
3.555527923443443,16893
3.219987885522637,16894
3.08004556979027,16895
2.998425059351685,16896
25.82019104657126,16897
12.401460666295707,16898
6.90394715978287,16899
4.961722758298744,16900
3.024846344460456,16901
2.5738639949218487,16902
2.5373539862493444,16903
2.3392101787838917,16904
28.712510361738683,16905
16.550063901199827,16906
9.56889739949887,16907
8.305661231538418,16908
6.837813354729732,16909
5.8681011775135365,16910
5.826827074388596,16911
5.820519999190156,16912
19.92440576094568,16913
21.569876131227915,16914
11.844146700960868,16915
6.107590819595708,16916
4.198666543801105,16917
3.0487196563667354,16918
2.7396771352787597,16919
2.595804428285853,16920
2.5095937773182775,16921
22.071023711211076,16922
12.3969742288238,16923
6.731983691034106,16924
4.825411405053965,16925
3.8016188828392035,16926
3.428802599111734,16927
3.2624366667345357,16928
3.188773836100339,16929
28.795839237373027,16930
16.795620602049315,16931
9.571344642735825,16932
7.310851053233796,16933
5.724275253712359,16934
5.496834259216101,16935
5.332696242168256,16936
5.166409098804776,16937
9.039048428561257,16938
8.370951556987343,16939
9.15339233194997,16940
15.942555146691822,16941
9.277032745619739,16942
8.854668874251505,16943
7.915468176405545,16944
22.114317029878134,16945
12.30411657013226,16946
6.584424366472299,16947
4.537543252303633,16948
3.410933582648341,16949
3.1753357946788445,16950
3.0270642960216256,16951
2.962912793406413,16952
20.835711037321964,16953
11.191990321880562,16954
5.426184666435485,16955
3.489390116405343,16956
2.3495537355689065,16957
2.0104705740635263,16958
1.8858354164726965,16959
1.8274078809400736,16960
2.3643029804236844,16961
27.861031406901006,16962
16.653486450700893,16963
9.450778489692105,16964
6.209690657274399,16965
5.096692502096446,16966
4.722159520192278,16967
4.6031735007529155,16968
4.46261224670327,16969
9.028759515855793,16970
8.83230071307181,16971
5.193703937609094,16972
16.280978531199434,16973
12.136852138121737,16974
10.223349777411194,16975
10.166638270576827,16976
15.468137580531293,16977
31.356191840159926,16978
17.60975239854763,16979
21.020480808542047,16980
19.061396996080923,16981
15.682693418625782,16982
16.265387541295382,16983
11.882033901564713,16984
12.141386073902627,16985
12.067870451689512,16986
11.227731201760594,16987
8.542972550254083,16988
20.84158936751203,16989
12.75793910211234,16990
12.53411017536711,16991
10.247118486894612,16992
27.622716133062383,16993
16.194996162339734,16994
9.41277021553405,16995
6.373975813656692,16996
5.370284761804631,16997
5.149364487770201,16998
5.069032744509382,16999
5.022192687070765,17000
21.430639402273346,17001
15.059767548796533,17002
10.40396833277631,17003
10.224792956181046,17004
6.28111928301994,17005
5.986656972619,17006
10.89343577584926,17007
9.496343784757103,17008
28.599554676641393,17009
16.76182362944055,17010
9.490281552873626,17011
7.080384965147169,17012
5.960425553481483,17013
5.450305747381612,17014
5.407616541702344,17015
5.160130322027746,17016
28.05005444183214,17017
16.731372613443348,17018
9.460761307585408,17019
7.022161311775263,17020
5.7923623642986,17021
5.312284228440253,17022
5.236207519701986,17023
5.029441260444163,17024
14.831977406511545,17025
22.28968518321946,17026
12.858809102617185,17027
7.133210016902785,17028
4.616720833904481,17029
3.425781165141511,17030
3.1886080530078984,17031
3.139262085357681,17032
3.0559636298820143,17033
30.94077561960953,17034
18.728051108345042,17035
42.46634620971513,17036
45.26275874277945,17037
13.112546533226562,17038
13.163317217926448,17039
11.921343153865427,17040
11.30194917332067,17041
9.627357054358825,17042
29.934191839948827,17043
17.380666525331634,17044
10.285587820718451,17045
7.898859860679005,17046
6.5195420437481095,17047
6.055416590623509,17048
5.865619010691328,17049
5.821128508484517,17050
28.731613483809753,17051
16.957938984737073,17052
10.220512924882735,17053
7.784672543289244,17054
6.526175876074355,17055
6.113634943629441,17056
5.880226749208855,17057
5.776484629815253,17058
7.528949482022491,17059
5.293094670626359,17060
13.49042535346478,17061
10.118412320215658,17062
9.405533840700162,17063
10.412008639369322,17064
9.952339698562955,17065
10.00136110161171,17066
26.84473382464415,17067
16.389587252085953,17068
8.63020362212171,17069
6.679541768843112,17070
5.4333992265650615,17071
4.963864155768005,17072
4.6224482579507065,17073
4.5739849351305395,17074
29.438075411972143,17075
21.933510813636584,17076
15.126123159143493,17077
14.178353500777026,17078
22.738156191688276,17079
18.723632713991957,17080
16.90473028870127,17081
6.470596544987966,17082
25.777434172135997,17083
26.058121203989973,17084
18.132285005061394,17085
17.376305727974,17086
21.018978507091738,17087
11.220219596625524,17088
5.432144080663866,17089
3.5179009282083316,17090
2.38194176929124,17091
2.049625869180855,17092
1.9047701829916317,17093
1.8309841007290766,17094
12.553657359351686,17095
11.227079560483968,17096
10.531524926618301,17097
26.844964024085524,17098
15.697949062343753,17099
8.337287790722426,17100
6.655233505698707,17101
5.167099823354952,17102
4.794114964583942,17103
4.555030820590035,17104
4.401114283597082,17105
22.306765923349364,17106
11.495882987643036,17107
5.7413001580066965,17108
4.022792845499178,17109
2.623621192771049,17110
2.1798969167227997,17111
2.002864917438482,17112
1.938173661872268,17113
22.44718850701213,17114
11.483462082926252,17115
5.725951682189587,17116
4.028389515011638,17117
2.689864623211676,17118
2.234594466651557,17119
2.100420642388003,17120
2.038038587678358,17121
21.49827228064592,17122
11.75321492924391,17123
5.989251219154345,17124
4.4540746620921,17125
3.113518171569518,17126
2.7205448528638554,17127
2.664368984791885,17128
2.581065802031858,17129
22.509417940288596,17130
12.606142095214302,17131
6.9967798385093385,17132
5.072150375698899,17133
3.9057584751891885,17134
3.6543452632868876,17135
3.4929600267760508,17136
3.3576451817714754,17137
21.27717733017742,17138
11.676994792765697,17139
5.92176691543401,17140
4.023393037537958,17141
2.86585873570152,17142
2.53623399511627,17143
2.421499021495011,17144
2.324352238593978,17145
21.274049231482017,17146
11.693476092175766,17147
5.933860238326929,17148
4.034476651852215,17149
2.8673444000406874,17150
2.531667706153857,17151
2.410949906895014,17152
2.3265137091843737,17153
21.67048641732743,17154
12.134344614089482,17155
6.278604330423881,17156
4.6255971226846935,17157
3.259772729603489,17158
2.921359198862688,17159
2.7302917324539684,17160
2.705330413971551,17161
21.579128684686857,17162
11.717570062093664,17163
6.176036979435428,17164
3.925133791552265,17165
2.848081962189297,17166
2.5541797755871145,17167
2.4551230428112683,17168
2.4424952372529543,17169
21.42808711561889,17170
11.660000884360576,17171
5.928760703848858,17172
4.503151407538557,17173
3.3661246679690695,17174
2.7890010043476887,17175
2.468799457329732,17176
2.4341955027292186,17177
21.844222365898986,17178
12.052620878764625,17179
6.422761931299837,17180
4.270491077486206,17181
3.1504911561494886,17182
2.8454898890286286,17183
2.768529662975948,17184
2.658726899301668,17185
25.771472108630892,17186
16.399898414865042,17187
10.034818195185064,17188
7.845623163873399,17189
7.160956942606015,17190
6.789586507127348,17191
6.780403065947053,17192
6.900861865526906,17193
21.863101981899973,17194
12.439022859043252,17195
6.71375864624945,17196
4.799042345092878,17197
3.652822311380589,17198
3.3357098881005305,17199
3.1937940676965817,17200
3.095163730343188,17201
21.557362133997742,17202
12.037164599687866,17203
6.339096780245641,17204
4.40237913589517,17205
3.263055291868719,17206
2.946593157422081,17207
2.7883659708114177,17208
2.705908198861679,17209
21.244641601182437,17210
11.053827132677917,17211
5.3288448232185,17212
3.2705481592894787,17213
2.180034927864474,17214
1.9010739331276456,17215
1.7885336420740523,17216
1.6304497491275747,17217
21.168608431374572,17218
11.033990371479144,17219
5.361148101297385,17220
3.27964292790283,17221
2.1526925880489873,17222
1.9132418699814158,17223
1.812677608905516,17224
1.6397603955613138,17225
27.307802553548367,17226
13.868635547305322,17227
7.92726207864793,17228
5.2505098053963035,17229
3.9629308085042223,17230
3.6498168659427157,17231
3.443119115943881,17232
3.4358464362635206,17233
27.864413452316803,17234
14.00503133832342,17235
8.284436421066168,17236
5.544593775969891,17237
4.042962527728192,17238
3.567784032563677,17239
3.3930238628803746,17240
3.3870000305845833,17241
20.934129241739885,17242
11.187368298723353,17243
5.551151818291308,17244
3.6450886109426226,17245
2.389651574571408,17246
2.0488890613636306,17247
1.9060352786391443,17248
1.8472117370487695,17249
21.328660971228764,17250
11.757209222554597,17251
6.011500999548188,17252
4.0951617365054425,17253
2.95123921164562,17254
2.644701443936459,17255
2.5113429690315754,17256
2.4036080676069,17257
21.830896720250507,17258
12.513189135834182,17259
6.4587304399345244,17260
4.778037833533145,17261
3.5675761914261925,17262
3.2494407580851035,17263
2.991118388125367,17264
3.01866071039222,17265
25.792867564402876,17266
16.521303023408684,17267
9.988319246833246,17268
7.757249305653736,17269
6.9003099394537974,17270
6.464867857923905,17271
6.571822922555277,17272
6.592739682229902,17273
21.347407123570296,17274
11.72223691109449,17275
6.032590362506527,17276
4.134260902961143,17277
2.9893000683298876,17278
2.6838252378837297,17279
2.4939410457609847,17280
2.414086238288917,17281
21.348090296862495,17282
11.80114670573376,17283
6.0749697343988895,17284
4.179155939287407,17285
3.0216798609265445,17286
2.6970999043038266,17287
2.576715117128655,17288
2.464325764478283,17289
20.970309449445693,17290
11.188853453435703,17291
5.7416804513982305,17292
3.7264463361587126,17293
2.693220577615424,17294
2.368678296367445,17295
2.12456388197979,17296
2.0742343772784313,17297
21.044603458098372,17298
11.368226887324191,17299
5.681325704008733,17300
3.599799247189597,17301
2.4744035258048305,17302
2.2090995978542574,17303
2.2065220864780875,17304
2.1788533020640335,17305
22.45865908052012,17306
12.37150623383285,17307
6.484106913681506,17308
4.439846411512683,17309
3.268271289312428,17310
3.053817320517405,17311
2.88823865310306,17312
2.7967801033896933,17313
22.113108011987126,17314
12.159261224252303,17315
6.363309901476274,17316
4.66792407750604,17317
3.384430412857803,17318
3.0721164926983793,17319
2.926469417665994,17320
2.8287725897782634,17321
20.911189512908145,17322
11.351178269620698,17323
5.5848121284904115,17324
3.698341646571808,17325
2.5531649877124236,17326
2.2481258959513615,17327
2.072862690935311,17328
2.0004065789973184,17329
21.91082923239435,17330
12.313909913655284,17331
6.707355113111865,17332
4.697195261746221,17333
3.478674226185216,17334
3.220905960392217,17335
3.0875605808040714,17336
3.086316965750247,17337
21.335840974730797,17338
11.751699528220492,17339
6.009181435495415,17340
4.106119283837109,17341
2.9317501035370634,17342
2.6025683125323718,17343
2.4781301590596634,17344
2.3996109455771264,17345
21.53411871646369,17346
11.937724746727026,17347
6.4419514408647025,17348
4.292335227118148,17349
3.179836867726191,17350
2.810023461474895,17351
2.8200237087301394,17352
2.7732100266918946,17353
21.94514645358357,17354
12.09260977241158,17355
6.099241548936183,17356
4.320355858953962,17357
3.0177180319104138,17358
2.7089548128624132,17359
2.58519845537699,17360
2.5498020625991984,17361
21.190346523284415,17362
11.594283195134594,17363
5.853520961966479,17364
3.9384068013366704,17365
2.7969111172081904,17366
2.486380860649674,17367
2.3399859350856014,17368
2.2549487470477314,17369
21.413748547815967,17370
11.82982363753183,17371
6.127804002842964,17372
4.248173840106187,17373
3.0714253061446843,17374
2.7642243443386265,17375
2.614679273542207,17376
2.5561245464290505,17377
20.746856258147037,17378
11.141765642114919,17379
5.288299399995436,17380
3.4419474350258676,17381
2.3135482026773024,17382
1.9998820503636314,17383
1.843379851966418,17384
1.7562567912930613,17385
22.14183752174474,17386
12.362324698890134,17387
6.561166715033996,17388
4.630038257111355,17389
3.474712787237334,17390
3.1868297621814548,17391
3.0516291418149195,17392
2.945539719779918,17393
20.66768869974916,17394
11.157380288863365,17395
5.347101503880033,17396
3.4500243173341643,17397
2.282346488838199,17398
1.9420828970806694,17399
1.7952040584370732,17400
1.7050686165873075,17401
21.489303582281988,17402
11.944904003490741,17403
6.5633760644781995,17404
4.494232399628026,17405
3.3612708989298468,17406
3.0006837018382044,17407
2.9442608788076865,17408
2.7839145037347772,17409
21.97024508196613,17410
12.511638865559815,17411
6.73146195589921,17412
4.81480137585259,17413
3.5759394820465586,17414
3.2266287578962367,17415
3.160601492068736,17416
3.077580587506727,17417
20.719412254006098,17418
11.245942523432504,17419
5.372542112471591,17420
3.5012454130594626,17421
2.3548158420816896,17422
2.0527982544004413,17423
1.8560447730680882,17424
1.7783085048752254,17425
21.964858132257696,17426
12.324448622247,17427
6.430275885399108,17428
4.34640709305889,17429
3.043819829957664,17430
2.75902038686687,17431
2.7657244178449942,17432
2.7342349238332604,17433
22.011790433104196,17434
12.30895816706529,17435
6.311543161299805,17436
4.35666991389134,17437
3.3208545435386214,17438
2.963630151888254,17439
2.831532892253602,17440
2.7630413719142077,17441
22.007818896520604,17442
11.484660440473537,17443
5.794539461227322,17444
3.572601497127769,17445
2.447676673773727,17446
2.157921766682447,17447
2.066825310689985,17448
1.9662122487144107,17449
191.29267101869203,17450
93.05507734026777,17451
50.97093320509544,17452
46.6988335674805,17453
40.35822886216524,17454
21.9625957211791,17455
12.394760944584865,17456
6.701335919222905,17457
4.939376206114206,17458
3.6474292356314337,17459
3.324529153028962,17460
3.1853478443005536,17461
3.09781927729207,17462
22.021614754077646,17463
12.342842315387708,17464
6.68881492986232,17465
4.695808770199629,17466
3.4746597315706995,17467
3.1278566981919913,17468
3.0095955200068025,17469
2.9139083358513833,17470
20.97995529124352,17471
11.453829651399735,17472
5.840814444671136,17473
3.897415648246017,17474
2.7394217808765635,17475
2.368603078010493,17476
2.307797272872301,17477
2.2655094497023924,17478
2.6939321207276214,17479
21.05588015473546,17480
11.852761247576247,17481
6.207328190204531,17482
4.241409962821576,17483
3.056500238303737,17484
2.7131478662951616,17485
2.5588632105773605,17486
2.537292008510337,17487
2.977231978078677,17488
2.967912060897722,17489
3.8259742643012524,17490
2.926138751577449,17491
3.0776262337302094,17492
3.4328000684217055,17493
4.064683133755476,17494
2.1433194898999193,17495
26.415299106936867,17496
6.117922472944669,17497
4.183085574645337,17498
4.925493293652132,17499
4.467450433781146,17500
4.107403892545731,17501
3.1892392495747584,17502
2.850976830664918,17503
2.2732732126049946,17504
25.15573895889565,17505
6.407736114794717,17506
3.373575134604836,17507
2.372702253995336,17508
2.291977888445639,17509
1.9230640026162715,17510
3.0117189678479375,17511
3.106687936021781,17512
2.369763156843239,17513
4.688604441621585,17514
4.569770756081217,17515
5.153426496933732,17516
4.68764027637061,17517
6.429826362306347,17518
6.036012701635463,17519
5.814007966130767,17520
7.875490292702339,17521
4.92678895187101,17522
4.490929338589467,17523
3.074425154184708,17524
2.7201027197435477,17525
20.75843826461091,17526
11.222724633608934,17527
5.475764214690059,17528
3.574602040448466,17529
2.426964432642915,17530
2.108094902540995,17531
1.9642595236560632,17532
1.8876447277740154,17533
1.98781216385054,17534
10.070180070526366,17535
6.888761879898732,17536
6.8239878853763205,17537
3.4473717359071276,17538
11.77250191081285,17539
1.617320138893571,17540
71.10064133704098,17541
31.346600882549506,17542
9.480366029023862,17543
6.143864329862225,17544
1.8981785624589214,17545
1.9591280701859721,17546
24.4703810021837,17547
23.154088668565525,17548
6.446961060107168,17549
5.895738643939808,17550
3.1002143660733523,17551
2.3149077655718995,17552
1.4324327999446034,17553
1.432374531934245,17554
1.1727457149152212,17555
1.0783102477141573,17556
1.0768503625379542,17557
3.340396960138227,17558
2.6286654726144922,17559
5.064510162647474,17560
4.208189107259762,17561
4.677466272494009,17562
3.8324953305298037,17563
3.4279502992087925,17564
10.223412324604638,17565
8.787710632275699,17566
8.51663694995398,17567
8.166954012607238,17568
2.423330924857538,17569
2.081982009384604,17570
20.637716508176634,17571
11.314460885146142,17572
5.625211241442371,17573
3.6151406787005396,17574
2.461253996285783,17575
2.137678442056993,17576
2.0070670762542737,17577
1.897474625352954,17578
11.339416215234502,17579
6.3309772876298815,17580
6.213032531041642,17581
5.795657110422102,17582
3.0143328367595785,17583
2.4593159166356977,17584
2.1580244292801827,17585
2.1641227413006647,17586
34.128308630384915,17587
19.96159878297206,17588
25.12438005808596,17589
20.04667959951368,17590
12.837674152075143,17591
1.415480285035275,17592
10.222460994925367,17593
5.50265283674628,17594
5.188355197545365,17595
20.522700732024536,17596
11.039391028745703,17597
5.282296282024981,17598
3.4248820979476573,17599
2.300107873009066,17600
1.9577510004729382,17601
1.8095011937662449,17602
1.7377291045694552,17603
4.645528527310111,17604
7.101018697475014,17605
22.220471769291933,17606
12.530928719333984,17607
6.592718382438158,17608
4.33918629631118,17609
3.2150410874514432,17610
3.001723564421873,17611
3.0608470167960062,17612
2.8983241775495316,17613
21.755985742655625,17614
11.607635159175151,17615
5.8769835272892434,17616
4.065583236582226,17617
2.8360055800700943,17618
2.5986511315135346,17619
2.4762137222539002,17620
2.4438052068021148,17621
21.20445919654441,17622
11.67361472852475,17623
5.854746388602591,17624
4.135011717966858,17625
2.906868929143799,17626
2.598170367793089,17627
2.46134171138288,17628
2.4848189111596843,17629
20.970127206611,17630
11.624695375521199,17631
5.8057005239276185,17632
4.121245351303987,17633
2.8942383856579617,17634
2.6627977693965392,17635
2.463083649879462,17636
2.4544457651499214,17637
21.1429787132346,17638
12.00355029792771,17639
6.106732452600975,17640
4.009846124337614,17641
2.781631950522463,17642
2.5334872829653907,17643
2.3952024465388333,17644
2.368558448899522,17645
21.14195287822221,17646
6.111697930723344,17647
21.145964975067407,17648
26.914485907416328,17649
27.757461225634763,17650
4.463953208918823,17651
4.287327926625651,17652
3.9873915867498595,17653
11.864374327206264,17654
32.008747401866295,17655
8.740265489890675,17656
3.551366803332061,17657
31.857057371868834,17658
8.048277381937368,17659
3.4302922290717395,17660
31.95051878592829,17661
7.937567413313715,17662
3.429004992688626,17663
31.910892395465734,17664
7.584006742558476,17665
3.108894812206106,17666
14.791270967086707,17667
14.016438913147917,17668
5.802251640155073,17669
0.9886822773511118,17670
2.3860201675263655,17671
0.9793060138859303,17672
44.274467102051915,17673
15.177674494353287,17674
10.324562640311141,17675
8.28051906409478,17676
5.723143324768011,17677
35.87373733968196,17678
8.51024180745338,17679
3.541492034413646,17680
19.87687006172507,17681
5.412480107481443,17682
4.671725823184832,17683
3.9880671796357965,17684
3.03797783832809,17685
1.6079520868425052,17686
23.611949286718396,17687
3.3582840634185493,17688
4.575341737187113,17689
35.16907976880342,17690
8.97778610231578,17691
2.746907019719081,17692
10.470521850690243,17693
11.62237085371788,17694
11.583779619722383,17695
28.85039967230924,17696
10.022503339458718,17697
7.75805604940608,17698
7.214562194253075,17699
27.50795493767447,17700
23.465308483950977,17701
2.8882754832823236,17702
3.7134776730187546,17703
35.70006615795705,17704
16.69011658458454,17705
16.69011658458454,17706
31.586942825729494,17707
8.624553812227374,17708
3.4825957360088338,17709
1.6584182765918378,17710
14.189500615628472,17711
11.79234477143616,17712
8.966281442163256,17713
8.014011123981836,17714
12.542132360911337,17715
7.484894636771527,17716
7.013490910577321,17717
6.740410565747167,17718
9.904097895225245,17719
7.5906500960246905,17720
7.334403135293359,17721
5.849478135585124,17722
3.9712812285452848,17723
11.136384975376863,17724
4.982183490182007,17725
18.55881307383461,17726
1.06825228259127,17727
3.482310966287562,17728
3.183705500570411,17729
1.1051387479682961,17730
12.073762542336747,17731
9.488000626590825,17732
8.489502635058116,17733
8.221253506749854,17734
7.000672951645196,17735
4.127514449892896,17736
31.11918503675536,17737
7.0443718103575845,17738
2.4626078157870674,17739
6.797285912169077,17740
48.23966555235964,17741
21.639452544825854,17742
4.761886402059367,17743
4.472413117524342,17744
52.32192059637903,17745
7.4701356551434515,17746
12.296908027268278,17747
8.76935016601939,17748
16.687366843589558,17749
9.10385573067459,17750
8.640292442053426,17751
8.556809474770134,17752
7.656692234496275,17753
7.33994588092139,17754
11.991805648046531,17755
29.198537034764428,17756
178.97365904808754,17757
36.6681121090813,17758
62.445381856790064,17759
7.539263613911572,17760
9.32536126501299,17761
8.12458342776709,17762
5.921630626123826,17763
5.288622125447703,17764
13.458238928011943,17765
30.986599607499844,17766
8.408089284033913,17767
3.620791441791717,17768
32.25400679415087,17769
8.657452269571063,17770
3.980768588690681,17771
9.899152888177461,17772
13.057047140879417,17773
21.723937618333935,17774
11.862059843778525,17775
6.034825844027312,17776
4.177889227642994,17777
2.989449492369312,17778
2.67411803145876,17779
2.5576045652613746,17780
2.451761608759873,17781
8.774818446294814,17782
6.449021275483451,17783
6.79263298851353,17784
3.0125560981437665,17785
1.9738679015057754,17786
24.51855487535702,17787
5.452677636075109,17788
1.9522503580659736,17789
2.0308210683114805,17790
48.499761519870965,17791
73.29617927906367,17792
18.999785392133866,17793
13.645388648044108,17794
11.556242497159895,17795
9.750913553489697,17796
5.992949842011729,17797
34.69604122523771,17798
9.96594532332854,17799
6.237890945147201,17800
4.515995397359582,17801
5.984728459189237,17802
6.804310375198753,17803
4.198527542746904,17804
31.22164562943845,17805
7.450632827366293,17806
2.9447259325271538,17807
14.210514105568734,17808
33.38826383954951,17809
13.597129175797882,17810
5.412871088226547,17811
32.01829011150442,17812
10.23427071069067,17813
4.510398205310946,17814
33.20299036124836,17815
9.292417934008848,17816
4.717964220734282,17817
5.979305372369099,17818
10.199685274842185,17819
9.80119315997829,17820
4.469552724347899,17821
6.671195279558359,17822
7.331127790105444,17823
11.718859470012744,17824
13.811277994172567,17825
31.678425339620578,17826
10.440102732812372,17827
7.313114459304847,17828
31.873561999700904,17829
8.19613910238407,17830
3.8253639637395547,17831
31.952484358826897,17832
10.748067432713942,17833
7.317385891205672,17834
32.30853130556276,17835
8.448978876471543,17836
4.0390154999654495,17837
26.84331872255537,17838
6.636898522733691,17839
3.159016674202778,17840
33.803289600985565,17841
7.7399823175682805,17842
3.4389348848462182,17843
8.166543592803022,17844
2.847742282398372,17845
34.059398485204724,17846
8.378758196859561,17847
7.688495824354722,17848
6.629218702210796,17849
3.5160785072034657,17850
3.6788851068085386,17851
3.6169376339956774,17852
3.7206033319627005,17853
3.190358173432965,17854
32.002945825711535,17855
7.406920714555259,17856
2.95223134669637,17857
12.20621368936078,17858
6.701267450694899,17859
20.63279682577872,17860
19.16627217330105,17861
17.18129729476671,17862
11.601995405195298,17863
30.70250213669048,17864
7.936726054289723,17865
2.4480558109506556,17866
25.35455562345569,17867
2.3048942177458027,17868
39.18480870584441,17869
1.063372614698777,17870
21.431954798616182,17871
12.077517979081529,17872
6.042483357927814,17873
4.135077266038497,17874
2.9796086014479357,17875
2.687559460454584,17876
2.5089180246189384,17877
2.42733286074299,17878
13.938434565135681,17879
10.311785845892809,17880
2.1207975868187754,17881
28.49094818066994,17882
7.32866230574638,17883
3.1447027825547758,17884
52.232276581774684,17885
2.1306142510328474,17886
31.95925393817968,17887
9.115561101334475,17888
6.000501013714723,17889
29.915245990185504,17890
6.934191078370374,17891
2.2152499787789353,17892
29.67626281304234,17893
6.765443429193078,17894
2.235957436150957,17895
7.528820395148225,17896
236.02835243254967,17897
206.69660806379653,17898
258.7851684854565,17899
250.13056461732108,17900
187.83132950233434,17901
32.086912894887185,17902
223.60048017270083,17903
155.78304624809405,17904
114.16864749165232,17905
99.27086424432947,17906
84.58827438346854,17907
39.89008715403225,17908
29.298825581816313,17909
19.501488658066606,17910
10.687958053372094,17911
9.356230092274387,17912
8.129865666167715,17913
7.902684391719271,17914
7.867665210235903,17915
7.6994544289631595,17916
28.194416542156397,17917
16.43518562606943,17918
9.197600966420001,17919
6.898174574339815,17920
5.302620251145778,17921
4.8026786153347025,17922
4.657774861265444,17923
4.539849308417036,17924
16.071416851454934,17925
20.901831843349555,17926
22.03132134499891,17927
21.351428114507087,17928
34.93438120601754,17929
10.880532034532559,17930
4.026576748951799,17931
34.41165389100917,17932
10.272760893233597,17933
3.2696705544145144,17934
10.544289224600293,17935
3.7138110796193438,17936
3.749731826738079,17937
3.6542275806336173,17938
5.9480967941869585,17939
22.524754330198068,17940
8.480877020817966,17941
10.697046306258562,17942
163.9438682053027,17943
5.422914366652399,17944
31.487728712561836,17945
7.199601537537101,17946
2.7821203797101055,17947
32.767897935754384,17948
9.852968814051728,17949
4.163341982765626,17950
3.1404944810795383,17951
31.082683782803844,17952
6.879668003122043,17953
2.334636311287387,17954
9.234600275106523,17955
6.3594936936452315,17956
8.266498631743241,17957
1.7539792903141336,17958
2.0025921391555337,17959
3.882052171492647,17960
4.4848282474481564,17961
33.96008658016406,17962
8.834698373224809,17963
3.3465339939400773,17964
29.797209716913425,17965
7.892528982405812,17966
2.5935497973431576,17967
32.403267123028066,17968
7.140074041640568,17969
3.9227948641127464,17970
2.129286482582941,17971
6.429742893603852,17972
25.0167414685781,17973
7.664054056528652,17974
3.050521482192656,17975
29.68498600956116,17976
7.8519081919722895,17977
3.811071573402498,17978
31.73693318697912,17979
7.546306287818158,17980
3.128619565337363,17981
35.291221028839175,17982
8.472859741180294,17983
3.3169960014676754,17984
37.19985229759905,17985
8.682850758650698,17986
3.63454695131982,17987
24.280175117185543,17988
8.061906623464674,17989
4.51640637327875,17990
30.376006429208992,17991
6.619686246592079,17992
2.3124576556799634,17993
23.110242772809823,17994
13.02985831354273,17995
7.780407718272014,17996
5.601558275803951,17997
4.448842016814603,17998
4.110924879189176,17999
3.999253003630203,18000
3.9125946599002495,18001
27.97156071463991,18002
8.707882959647755,18003
4.136695763626302,18004
30.7783368898857,18005
6.461473609038228,18006
2.4435717358197038,18007
16.233170808688225,18008
6.623273698405654,18009
2.0001228824914867,18010
17.726788211336157,18011
6.571215402995615,18012
2.348328734451853,18013
5.077501644795071,18014
4.286414482457426,18015
3.927200582474118,18016
3.6671628714227973,18017
6.70805348385852,18018
16.761224066272195,18019
6.249426410959326,18020
2.488202524705954,18021
39.05900704711379,18022
10.557506198889671,18023
7.523827414978134,18024
12.480461463194706,18025
26.832771678912085,18026
15.112085259700189,18027
8.75580073968801,18028
6.537685232548545,18029
5.329754851520145,18030
5.011873294953213,18031
4.874912678989569,18032
4.775996029147569,18033
29.02135684749631,18034
7.194386334993061,18035
3.1603902406792135,18036
9.586531898727266,18037
24.863100924110856,18038
44.48989299930878,18039
15.878277686429383,18040
11.143023265849104,18041
9.25774674625979,18042
6.948362634720942,18043
5.602325927141783,18044
21.656104834270636,18045
10.746674539228108,18046
8.340450482871374,18047
8.51056975002132,18048
5.773912387023315,18049
4.452658926053955,18050
15.191491958374073,18051
12.257181329209514,18052
8.018496695592143,18053
6.313975948511942,18054
5.622962865059754,18055
33.6034108625205,18056
14.682082812084664,18057
13.645485945964563,18058
10.643279954513634,18059
6.114065952262053,18060
4.444414921341017,18061
40.76135118048109,18062
45.47189933414321,18063
9.208295375559292,18064
8.464862452221881,18065
7.380388938849937,18066
5.640345043714455,18067
24.50250418738118,18068
38.07604710344677,18069
32.703264299415466,18070
9.706297713502744,18071
5.159785823715424,18072
32.547618117949504,18073
8.59791615588715,18074
6.120941295838935,18075
22.049148644115565,18076
12.947514029950835,18077
5.236235359249337,18078
22.11770485823503,18079
14.198538105269643,18080
11.365611917190996,18081
8.61011394185571,18082
6.4091021611677395,18083
22.548491905745447,18084
13.751679898832714,18085
10.889267269958102,18086
6.787214794084982,18087
7.341722400647316,18088
20.801925483635202,18089
12.730499339282197,18090
11.113346962204949,18091
6.872007368991798,18092
5.477706378351588,18093
11.997168815918462,18094
9.471644371763713,18095
8.770314524238987,18096
7.939907197029985,18097
2.1599454192322187,18098
3.289865958720987,18099
1.55491606947557,18100
3.242415285276247,18101
3.7563188853294394,18102
45.92496616469417,18103
25.954199895908662,18104
9.759375724805773,18105
8.241961728242051,18106
7.219819441109988,18107
6.205157727768674,18108
33.64296631858875,18109
15.344409739936323,18110
11.846880674817147,18111
10.512950367978748,18112
2.012888941607668,18113
1.9870289932263883,18114
6.398544235343608,18115
8.49443493040782,18116
8.31689787536482,18117
4.798990970595721,18118
4.313573154431726,18119
3.4866370308189194,18120
3.6764441888633588,18121
6.8268388541780745,18122
2.3752786645013355,18123
6.7726848452202235,18124
13.552412324417798,18125
23.297523467384618,18126
6.458258162157329,18127
2.67489331930382,18128
2.6019968599341285,18129
6.706529801884535,18130
9.703280911350065,18131
8.275465885831673,18132
4.023831923512109,18133
24.38150707106939,18134
30.590864984079488,18135
7.477928557513524,18136
2.5540173320328554,18137
30.689338498432107,18138
7.015863689196439,18139
2.6023336997047464,18140
6.0689293484931515,18141
16.131208941122104,18142
11.840836142659846,18143
31.11841651575562,18144
6.734476125949168,18145
2.53223369980292,18146
31.11841651575562,18147
6.734476125949168,18148
2.53223369980292,18149
6.144023525615892,18150
33.873421028601044,18151
8.668628193879538,18152
3.985267913037028,18153
1.810551991328202,18154
15.930891085886412,18155
10.442436147171637,18156
7.8635256021579485,18157
5.98325942091106,18158
4.808523927117705,18159
10.92048435045172,18160
14.188666507550987,18161
10.212976690762215,18162
9.777449835420681,18163
6.634831970843163,18164
26.241006617738254,18165
16.10925855855634,18166
10.04489265705669,18167
6.798731670466854,18168
5.1444933394292915,18169
4.774415445869996,18170
4.564410845318237,18171
4.526406706839565,18172
43.37672625000699,18173
7.38479632290326,18174
29.200722264654267,18175
33.32942122713777,18176
6.497908754042151,18177
29.25523398617228,18178
27.50540714344127,18179
49.08788639295652,18180
30.892889659764798,18181
7.10556984843121,18182
3.404088369797432,18183
30.229493346649647,18184
6.285446739936183,18185
1.9369342861686696,18186
30.864104879283936,18187
7.109677192750253,18188
2.9011910083639605,18189
35.86209983613533,18190
8.940009641541272,18191
3.6925031091109437,18192
9.736450558207261,18193
9.635203043545598,18194
4.4656891546338935,18195
4.55209362047294,18196
7.288871056106562,18197
6.061452153787709,18198
26.72266592157839,18199
10.072387973592486,18200
4.261086491390044,18201
16.548351995071563,18202
7.775948853990784,18203
30.177709488166826,18204
6.843125953151726,18205
3.1710316489253065,18206
31.47483350134235,18207
8.461230126909467,18208
3.72879770960332,18209
8.763245487852322,18210
14.05383779553675,18211
10.897547188197938,18212
9.354649331777066,18213
6.678504066726682,18214
5.7828989273937985,18215
30.1042113197843,18216
7.2155912717532384,18217
2.4116545848490683,18218
13.966073402987885,18219
31.083343487710664,18220
6.253964898963324,18221
2.0047771065577313,18222
35.36624427183344,18223
8.735989809689526,18224
3.720515046365732,18225
13.212029732377879,18226
7.580161358516211,18227
6.743297951233771,18228
6.355561113963997,18229
8.200420839514566,18230
6.011823849712093,18231
5.2008139850142125,18232
4.7671861620530205,18233
4.115110025300375,18234
8.37152827349579,18235
2.3305909748717384,18236
2.425629710175523,18237
4.550780170807164,18238
32.368148228569815,18239
8.064926759670948,18240
3.7056994245370256,18241
3.763847115922163,18242
3.569558505158666,18243
30.641153011414897,18244
7.15286013848441,18245
2.2694835212747373,18246
3.562887220187489,18247
9.48007662880443,18248
36.291846321152825,18249
8.478057511056775,18250
3.6523959707041698,18251
35.70614583581098,18252
8.273627586639863,18253
3.380569835910823,18254
1.3791092720321914,18255
22.39073075754913,18256
4.74832449394748,18257
2.975162617680378,18258
2.983935943725979,18259
4.91005263074142,18260
4.7004895178427395,18261
4.721737713823049,18262
2.910137113052134,18263
54.463312034190714,18264
13.392009165130993,18265
12.575560784382747,18266
32.616534819015634,18267
8.066501943369053,18268
3.620213900334712,18269
32.21773200590078,18270
8.40679967560968,18271
3.945027003832141,18272
29.309909594245138,18273
17.547362523289568,18274
10.432560495863752,18275
8.177956128754241,18276
6.651940356180582,18277
6.285921250509773,18278
6.06686666977093,18279
5.986084958999023,18280
29.00125199365435,18281
18.36030391861125,18282
11.06852407716172,18283
8.253375314282836,18284
6.955053679575576,18285
6.916085649719941,18286
6.608888747727378,18287
6.469730808842936,18288
30.901144718257424,18289
7.250086981837718,18290
3.0834529387278775,18291
3.2040324582760866,18292
34.6350244657691,18293
9.331233539941376,18294
2.710293274437936,18295
32.186442451197486,18296
10.493140915130171,18297
5.090380526317539,18298
22.909556268181834,18299
15.801572669380203,18300
9.54646455421148,18301
7.518660604419737,18302
6.191596899789412,18303
5.862656323956956,18304
5.7216845121009285,18305
5.65010493801804,18306
3.4917512329499107,18307
13.21490394377126,18308
11.969070558914455,18309
8.253562291409835,18310
1.800650938459095,18311
2.7143887226988213,18312
31.307715312447172,18313
9.370800139551573,18314
4.488261112170843,18315
1.6805858028026,18316
2.874262928495615,18317
1.7414994834012871,18318
1.4208870702467522,18319
2.3274170224755304,18320
2.8404532258236763,18321
35.40894844970565,18322
9.437392580441514,18323
3.8686089410809528,18324
35.79033634602629,18325
9.44285169861248,18326
3.8745167316131863,18327
3.8194385449719817,18328
3.9589463817794273,18329
41.59605769230998,18330
20.363872786339645,18331
9.297658954444579,18332
9.781708498666509,18333
3.4850630622477206,18334
39.653019470228415,18335
30.614192020223797,18336
25.133099248082193,18337
11.621156093555703,18338
5.344579794786135,18339
32.27739990457926,18340
10.313901638269897,18341
5.265122192806917,18342
2.474974231222538,18343
2.596133791669999,18344
32.30604901106721,18345
7.792760164537891,18346
3.569755762908297,18347
30.933954238692262,18348
6.979104317155229,18349
2.406996223492717,18350
9.120952717092914,18351
8.842658555111958,18352
1.583866170470658,18353
3.171263012973416,18354
4.516296147449429,18355
3.4442484753784686,18356
64.1100428797598,18357
44.293988940724404,18358
8.098645852023225,18359
33.471764897320355,18360
8.619272957111576,18361
3.996900215867707,18362
2.503829702117573,18363
3.7503723540591474,18364
3.6374786338165,18365
37.15324859450776,18366
9.87599772917839,18367
6.044349263711973,18368
32.36559038765853,18369
9.676012970248687,18370
3.9396573698716355,18371
34.6122888988306,18372
8.834764754738593,18373
3.324240453538225,18374
3.3274130140274836,18375
10.330141534947213,18376
31.325204032004347,18377
10.203364342179304,18378
6.0696861063892,18379
35.361848341469894,18380
9.78712771231801,18381
4.7966333803374175,18382
35.26847355633168,18383
11.561105496223114,18384
5.150340482778953,18385
39.215171476177744,18386
11.269058824086589,18387
5.888864165715262,18388
39.06215417657896,18389
12.53464594059645,18390
7.814098658625979,18391
37.68030066178706,18392
11.878923079714603,18393
7.6239540352829875,18394
29.241647079474024,18395
7.772675832664816,18396
2.596319458489959,18397
6.145655608046748,18398
5.523081600788447,18399
4.510986261381402,18400
4.335025232735397,18401
4.9168942615928835,18402
1.9671707638176636,18403
32.40424507820717,18404
7.8020293775155585,18405
2.6734678822256597,18406
3.223253248498803,18407
33.10471588259096,18408
9.437604285136073,18409
4.94271834007871,18410
34.282862498420755,18411
9.092462230042472,18412
4.854228883809123,18413
31.650088430341825,18414
8.570429519141415,18415
3.559844032797077,18416
25.74300928584513,18417
8.952000699547064,18418
4.955686875262938,18419
36.628305853078096,18420
9.06758501743178,18421
3.6455837191923712,18422
43.84239508906129,18423
10.503589475826061,18424
8.101893800463603,18425
47.52907079465524,18426
33.62678604992425,18427
3.7107514472271617,18428
36.25236086576305,18429
11.315958744909235,18430
6.905651741518173,18431
30.3400746931423,18432
7.361502368455482,18433
2.2914901496199143,18434
29.04802199437349,18435
6.49552470332326,18436
15.131985145144888,18437
4.8660545327395655,18438
4.511263574561558,18439
4.15545623049672,18440
7.56651302422387,18441
5.558922229852978,18442
13.239938451730534,18443
2.7244411162317874,18444
35.82817499839034,18445
12.098008489568668,18446
6.945412576677655,18447
35.61879256261861,18448
8.27780907378561,18449
3.905048798734275,18450
4.597339756581971,18451
3.5559584814608676,18452
11.195510506002659,18453
8.350959537536353,18454
33.97314643707514,18455
9.524403722746765,18456
5.035945325773108,18457
2.2102633335074726,18458
3.11047322230146,18459
17.366045155702583,18460
2.2350307981122493,18461
2.2265116633147213,18462
26.6685018270512,18463
3.1431665491580763,18464
2.3178919311954984,18465
10.341491384465407,18466
5.0001536046964095,18467
2.648128392447215,18468
9.0337766392824,18469
3.2712834883665916,18470
36.38093475903933,18471
9.37858876865327,18472
3.1809005434163207,18473
30.916206701465942,18474
8.742627575534486,18475
4.019890785761558,18476
35.14375973817357,18477
8.969456181582109,18478
2.801144067830544,18479
34.5884584153449,18480
8.272135220941719,18481
5.24810027494162,18482
3.950500161427956,18483
3.996732953495522,18484
19.40824797332604,18485
13.087305512759118,18486
5.763719616815845,18487
2.2868197911948074,18488
39.61679227102253,18489
35.26361858377913,18490
10.744259926320517,18491
5.374573006267412,18492
4.38810941505896,18493
3.6904043946234295,18494
2.3759994201566887,18495
2.3022806129594393,18496
1.9340694191304846,18497
33.07400579478723,18498
8.469107265948614,18499
4.2551215475763025,18500
278.2906037373884,18501
149.1933619361921,18502
146.8355677105891,18503
124.43535973197893,18504
98.50260384897767,18505
11.331606471735888,18506
16.659005116359147,18507
21.108372027149763,18508
18.202286126629037,18509
12.726824899987728,18510
15.733510233283807,18511
15.693022935696094,18512
16.251321797688963,18513
12.550679286298488,18514
11.567235065018439,18515
6.878909546791312,18516
31.841852489666007,18517
7.146458330503628,18518
3.0807203425698844,18519
3.6425577196983285,18520
8.569218009282947,18521
7.238125393103394,18522
6.192665848387292,18523
5.127765410916452,18524
29.567978764838045,18525
18.380006870292434,18526
10.283992828698791,18527
9.18417675529179,18528
7.51476399625309,18529
7.1538463144370255,18530
7.033925149656124,18531
6.862472581416571,18532
10.49846255502981,18533
7.8019802678988865,18534
3.2503522594975176,18535
30.75795582800427,18536
7.397546871209769,18537
2.971446053107446,18538
7.412310578936961,18539
6.470042678757845,18540
32.386347500111164,18541
8.341890128735749,18542
4.136146279518425,18543
7.600375368935202,18544
7.677672026321662,18545
8.733611548952652,18546
7.9955808813798335,18547
34.701150323321016,18548
9.61711953568657,18549
5.380615752676902,18550
34.979743442081976,18551
9.601117969815109,18552
5.534578788924561,18553
36.35576283703627,18554
11.309256273710709,18555
4.82699103452077,18556
28.88211897026007,18557
19.725932346878928,18558
10.6572782478208,18559
10.759105349124992,18560
9.807593371236738,18561
9.334293639590221,18562
9.385003742267783,18563
9.406233858009568,18564
31.19273468644991,18565
7.05705734405239,18566
2.552189404676544,18567
3.690882829534051,18568
7.664243075633934,18569
35.55813970321913,18570
24.395992815935553,18571
7.150005329973449,18572
2.825292078055719,18573
36.644648851036564,18574
8.303145580425943,18575
3.0867015807909604,18576
31.455631091458123,18577
7.642223265620194,18578
3.2671053759958246,18579
6.562786364248417,18580
81.21831840542453,18581
71.00968669050458,18582
30.847526957537557,18583
6.796945708887634,18584
2.4905262942521396,18585
31.149225238303686,18586
6.863953346151655,18587
2.4234502836738945,18588
28.845156650201677,18589
18.036465169200365,18590
10.502543041552403,18591
7.833531204122397,18592
6.57596396868425,18593
6.43789441753248,18594
6.133636611166886,18595
6.043998250553663,18596
28.958905512501147,18597
18.26154467971345,18598
10.98243045357173,18599
8.441656320319872,18600
7.169739142976139,18601
6.767431393245312,18602
6.4742251787386085,18603
6.278570124728936,18604
6.540235505131379,18605
1.3010018243152905,18606
1.8711494292112238,18607
2.189703544805053,18608
11.090633223877939,18609
8.493412914294701,18610
2.384556876912628,18611
28.33108698498114,18612
6.706698842564334,18613
3.6931374591440327,18614
23.106521380778343,18615
5.298649766613301,18616
1.4619782483814794,18617
2.1510895874760676,18618
2.168026902180626,18619
2.5748958541156917,18620
2.316493386942403,18621
4.951369010927493,18622
4.504525442927408,18623
5.6501440795326205,18624
30.88221119921916,18625
7.256551638290548,18626
2.8336502697528596,18627
9.565546604343869,18628
5.75086965854866,18629
19.507783641643137,18630
87.41960250216545,18631
91.19847713030073,18632
12.825548577657063,18633
8.23241718652859,18634
7.95587379251621,18635
78.30892257508312,18636
7.824039228945474,18637
6.988342762227866,18638
36.402556042945896,18639
10.101321865442749,18640
3.8619599035818277,18641
26.856541578215825,18642
15.886471436374576,18643
15.737582219954708,18644
9.209157252509078,18645
5.660355671058476,18646
4.126724547757628,18647
3.3967583321109505,18648
17.191647575271304,18649
9.868276235570656,18650
5.578536286099997,18651
10.228820989915597,18652
4.608905089986593,18653
4.460186878093119,18654
4.507228371459676,18655
4.044922693551371,18656
5.127389399205832,18657
6.011337112478194,18658
5.102134069169943,18659
12.529100847324763,18660
20.359914328287758,18661
6.733847772230978,18662
3.2417541082109382,18663
3.4551744624695027,18664
2.968770382313105,18665
68.24953928592265,18666
14.347418473802252,18667
15.83920042050097,18668
2.645312591082764,18669
4.0577777743207175,18670
5.792995772585617,18671
10.486472241634985,18672
5.890117970280165,18673
4.2865627848622,18674
3.803520102415861,18675
2.319003112246488,18676
6.449452876495381,18677
11.015899642810393,18678
3.404262473418236,18679
1.4941621995439047,18680
2.4425076037066824,18681
3.5778254320154894,18682
3.878079223378068,18683
4.019542149445486,18684
2.2733678818633347,18685
37.037343818945324,18686
12.533539141048491,18687
9.198804991079975,18688
16.194123223873518,18689
10.731675463963697,18690
7.970294546825411,18691
14.358003397912034,18692
11.53968732520421,18693
16.566592394629325,18694
10.374897822415798,18695
14.865072140332037,18696
12.196403526093832,18697
5.78687328066698,18698
6.4414120457687565,18699
3.603719277271473,18700
3.3320529155201646,18701
3.1878758510532217,18702
3.0556958580998015,18703
2.5608187937331155,18704
3.3840050629137406,18705
50.48668647175223,18706
11.533811089011255,18707
9.104241362036982,18708
7.494592552670709,18709
84.72386691417829,18710
3.957074442256962,18711
45.110720819980095,18712
27.769811083696492,18713
7.38372020650287,18714
2.746869746770478,18715
37.41027446286476,18716
10.400913874895508,18717
4.376964065610758,18718
5.225008837109822,18719
30.715009231230923,18720
8.45024477211174,18721
3.098548253046635,18722
31.78850090353985,18723
8.984916107762507,18724
3.3221132905223607,18725
35.191408495165085,18726
10.729970206342681,18727
4.545424595708241,18728
35.16782895134467,18729
10.550908462224227,18730
4.378634132895694,18731
42.543315061362954,18732
22.093261503868632,18733
11.20646872348425,18734
8.504219158589017,18735
4.735664848941152,18736
14.70676175838152,18737
8.072701321417853,18738
5.5283134810626535,18739
4.187508128360549,18740
4.807978925206042,18741
5.645943481189896,18742
4.304488680015781,18743
3.5144773851409123,18744
5.402209871967598,18745
32.45176034918697,18746
9.00041948773825,18747
5.431922376681363,18748
56.526401959244616,18749
23.95032738283544,18750
22.453609850603403,18751
11.193622798465874,18752
28.364861671425466,18753
10.153982318763173,18754
8.157241079181915,18755
29.83123569493771,18756
32.0631779137149,18757
28.664427429646228,18758
22.496152255950527,18759
7.000319924727318,18760
2.95354975481032,18761
29.610637996756232,18762
7.696534369962787,18763
3.670662708821053,18764
1.8290405967034093,18765
27.757864884466816,18766
9.10842975540131,18767
8.75570188194716,18768
10.62687289771045,18769
9.66391336461806,18770
36.789242453582744,18771
10.324258626811366,18772
3.9364020615064197,18773
36.79817953094335,18774
9.972531490317673,18775
3.871312270489018,18776
14.702839118901267,18777
18.148716189030203,18778
308.1555972953711,18779
192.1978392108843,18780
125.45632192697971,18781
103.80075621131579,18782
58.85652212333312,18783
6.8800889608841045,18784
8.463067793783601,18785
5.794812146481613,18786
2.2175891393053098,18787
2.1648011301677963,18788
32.79901345945184,18789
10.514594470525488,18790
5.296003687239246,18791
32.608729919982345,18792
10.109976221638856,18793
5.051401930745553,18794
32.20653690873429,18795
10.572681213628332,18796
5.268236374093191,18797
28.600969093049944,18798
10.54127871164705,18799
7.394780202407881,18800
34.78462878644232,18801
9.685926898253166,18802
5.676214691832329,18803
16.64340595475878,18804
1.7271954975476627,18805
22.23030975201532,18806
14.3707014780196,18807
11.823984143950277,18808
8.259351752768294,18809
6.797446091167542,18810
16.71563195896331,18811
35.15982273876148,18812
10.172463882501075,18813
6.192643116918641,18814
33.750011096708015,18815
10.508351746429465,18816
5.603938390952113,18817
37.9759364685461,18818
11.15125273123966,18819
3.720546377917006,18820
35.800211658056995,18821
10.755401800019749,18822
6.477162734909563,18823
65.51725200100043,18824
51.466933497176655,18825
52.3985886942036,18826
43.551354298158614,18827
33.28009161786803,18828
14.193876663198527,18829
8.394287514240279,18830
7.389867905852519,18831
6.127015057870386,18832
13.276668658939181,18833
8.240210892135318,18834
7.3467942248667475,18835
6.0071614681177685,18836
7.199255422233562,18837
2.609036468722669,18838
7.429580311481111,18839
10.354790266009102,18840
7.583503450916603,18841
18.418460266393087,18842
10.87011971624347,18843
15.930366895409849,18844
16.70291988956835,18845
30.51068530520979,18846
7.517769915098828,18847
2.878679919907598,18848
30.87206270187547,18849
9.721322482335697,18850
3.4209464004441594,18851
32.12015066869503,18852
10.075165850752647,18853
5.270447834085448,18854
7.838834372120081,18855
24.976067008907435,18856
33.84812601994235,18857
9.290291478635456,18858
5.646651767104569,18859
26.62768456386795,18860
6.06949092585912,18861
2.313405310759617,18862
8.831111210619733,18863
7.196557911987792,18864
38.881049135060174,18865
10.570542043068487,18866
6.107056822899933,18867
2.087860411331269,18868
10.075865052942309,18869
7.921464413561719,18870
4.6749787392264,18871
4.850055084926139,18872
3.0098082075164294,18873
3.5259951064180863,18874
35.695720326742006,18875
15.411413773325592,18876
7.2530160175722465,18877
2.6272774948657918,18878
6.651748001007557,18879
4.637582467960347,18880
7.776496402099453,18881
7.905257086399871,18882
9.626155058016527,18883
32.411279250472305,18884
6.302975573861804,18885
7.279949546133214,18886
7.7754584691747635,18887
12.181077568244675,18888
7.027210852389376,18889
7.228741756536008,18890
4.847894227331695,18891
3.6278627645223738,18892
3.0213648218576923,18893
22.495721014470146,18894
17.290122226346803,18895
14.339102771934886,18896
11.757213568728286,18897
10.288335898066341,18898
10.240780963555775,18899
44.67166467909367,18900
69.92556064737167,18901
12.419719154384739,18902
39.814702998624725,18903
3.5144605406786837,18904
3.3720617843857696,18905
6.579941648237519,18906
8.97044036352121,18907
8.527272532592042,18908
13.088584395504848,18909
1.8254699816488427,18910
1.5970215867389104,18911
33.07918234551365,18912
36.14951976719149,18913
8.506671591337252,18914
3.2508506542027766,18915
34.417808904334215,18916
8.784384771210831,18917
2.9384907552512476,18918
33.74954794147229,18919
9.818819020715937,18920
5.176187785026447,18921
31.75098064943107,18922
8.049172546046313,18923
3.682494694377926,18924
26.035895022249946,18925
9.058061235368175,18926
3.9924175462841682,18927
46.972859444602584,18928
31.93317847680584,18929
28.62191713170563,18930
14.514022441835763,18931
14.603626945935956,18932
15.587308341183288,18933
31.560630120071757,18934
9.059977232780906,18935
5.549573774466412,18936
36.94518561442412,18937
9.425152794542477,18938
3.756752710178016,18939
36.94135032113127,18940
9.484250498425215,18941
3.7033142709485594,18942
6.236910145772675,18943
1.572319705988592,18944
21.68663074434013,18945
3.306641843325343,18946
35.4634485208841,18947
8.909374787755674,18948
4.181324400716793,18949
11.027909249040942,18950
7.258300680210287,18951
25.422143193505736,18952
8.500701104874171,18953
33.371287529249614,18954
7.896190623266703,18955
3.991850147587491,18956
31.982879228435223,18957
9.023384585376656,18958
3.426717824424969,18959
3.318401500233102,18960
3.6385259943774337,18961
31.70621712474444,18962
7.652259715150533,18963
3.6773802476002766,18964
3.836067174487786,18965
4.0524797051264025,18966
2.9584265488639208,18967
2.5531251356215425,18968
3.3109954217999493,18969
3.2552322202638595,18970
4.807298578805248,18971
4.479181690148123,18972
5.201674899002099,18973
5.102702660480026,18974
5.032127569248846,18975
10.193241129366955,18976
7.542838021243766,18977
6.808396795606604,18978
6.464163676214916,18979
10.431006758121077,18980
34.00443458902493,18981
7.936706250832152,18982
1.3554781085655607,18983
33.68697486397291,18984
12.031216157226071,18985
4.427677050929704,18986
6.077286253707716,18987
6.020566292608595,18988
22.90060800552827,18989
15.647492856096381,18990
21.8031639089192,18991
6.539663117532767,18992
3.3491181845876206,18993
2.37462836463376,18994
2.197214106064544,18995
10.99422109243769,18996
47.841133284950786,18997
30.146639685283844,18998
26.771020231444535,18999
18.614917866783404,19000
10.896306841444497,19001
11.50833579183783,19002
13.346674840014494,19003
9.496646896065936,19004
9.166903175094982,19005
6.078729728516343,19006
5.375432580614047,19007
4.869810870449809,19008
7.909866147154617,19009
22.970445944813235,19010
28.723806151639003,19011
10.093182025386511,19012
8.044990545981928,19013
33.89950981203737,19014
9.49721832994752,19015
4.715430310502766,19016
9.55872886819447,19017
4.477552542763441,19018
5.262482144711829,19019
6.779604619623832,19020
4.139495108247557,19021
7.371948375846226,19022
3.1603266309671025,19023
5.921849284116082,19024
44.26579469437663,19025
10.07393338865246,19026
43.946387049886,19027
7.940060023007263,19028
30.442170432958747,19029
7.44267807115252,19030
2.31700983774371,19031
5.551297907956914,19032
34.1689394315311,19033
11.267256431618758,19034
5.224184838545527,19035
5.660871181588031,19036
3.1494608794965737,19037
2.6184872134662216,19038
31.59998974018392,19039
8.99333321058512,19040
3.270165304860939,19041
8.480583128399381,19042
37.701993851242094,19043
9.04823386889372,19044
3.7826848276038256,19045
2.862091843619323,19046
2.118502941870407,19047
2.168043875561842,19048
8.040314302666443,19049
12.777768275302847,19050
6.376309869513042,19051
31.75664155224436,19052
8.054562297049968,19053
3.4038362112339615,19054
2.2225799298655646,19055
31.8456155829751,19056
8.988935561355234,19057
3.9442486978078417,19058
32.46793423513216,19059
8.377709773977882,19060
4.04027685767604,19061
3.421179956087006,19062
2.9769277581104396,19063
4.681354172244266,19064
4.0240634840224,19065
3.2777131875767758,19066
8.742384959952911,19067
6.790778292249537,19068
6.788743307034263,19069
4.542566395107961,19070
9.950166298104437,19071
8.091586632896263,19072
7.433425579997977,19073
7.0323426789464145,19074
4.468430276402399,19075
6.1491795884848095,19076
5.01717737323186,19077
4.1601861454143885,19078
4.061130082104347,19079
6.498672563425628,19080
4.577177488770379,19081
4.117817165293318,19082
3.5205145912936047,19083
16.332778878488803,19084
6.332255060035141,19085
3.7418508419796024,19086
3.3309790278109292,19087
3.6501727449056087,19088
3.2799281592806944,19089
26.236980734768974,19090
8.780819419046432,19091
4.959835793726147,19092
20.031290125803498,19093
6.747469577158833,19094
3.3958244879008928,19095
36.04828408993608,19096
8.140217710728844,19097
3.176582584224439,19098
3.3014640650775515,19099
7.801895733076893,19100
5.694207781135579,19101
4.185020384754091,19102
3.654095280231394,19103
4.027323036494129,19104
6.8694608083604525,19105
3.5243712563585157,19106
3.6934703828070092,19107
3.353133198571786,19108
70.16744299300284,19109
33.46640763861165,19110
8.59345745510022,19111
3.9244392933576306,19112
9.129810814346103,19113
12.896275233801127,19114
3.1544208326052146,19115
3.425252988942452,19116
26.179458127415526,19117
5.780259900607994,19118
2.0934261089087136,19119
26.179458127415526,19120
5.780259900607994,19121
2.0934261089087136,19122
7.983552612552131,19123
6.935822152794147,19124
6.646886270626654,19125
25.700738044991887,19126
15.187066114220695,19127
8.473301451060228,19128
6.391464404255808,19129
5.34789049179515,19130
5.003508758964894,19131
4.8018348234953026,19132
4.731961478027044,19133
3.405691168464752,19134
13.833827324853722,19135
31.45400163707752,19136
6.8716400880794515,19137
2.663077136269873,19138
27.545838517476387,19139
16.36125273288377,19140
10.102043936490317,19141
7.726600738779418,19142
6.306170770530312,19143
6.047347529051024,19144
5.817003436728457,19145
5.68258204683149,19146
21.634724577327173,19147
12.480603327376757,19148
7.242499026928213,19149
4.753491530233405,19150
3.5050839024629696,19151
3.326485607233881,19152
3.2288250709443114,19153
3.116760685487322,19154
23.26623565628003,19155
15.085134323618474,19156
7.565515545189373,19157
4.9589779636419244,19158
3.1860105891902717,19159
3.1096504501028814,19160
3.2584328065930945,19161
3.0707435456725363,19162
22.332600817214335,19163
12.791617320017332,19164
7.08780947865299,19165
5.169833701196393,19166
3.922676932354881,19167
3.5594030903158544,19168
3.450605517024019,19169
3.3744064374060976,19170
19.018460285266652,19171
12.464401688847184,19172
13.265213671587512,19173
4.633049914062493,19174
39.43076585293227,19175
14.134509996794648,19176
10.325207787387933,19177
30.119660148395685,19178
7.968636330958151,19179
3.076784874953065,19180
33.291964725969365,19181
9.119604306540117,19182
4.55515105953665,19183
22.33496145641542,19184
8.838298553106176,19185
4.531094642976452,19186
3.9757090235596366,19187
2.989115468764378,19188
140.5763410190704,19189
92.86165654063251,19190
34.04229330033311,19191
7.25535775836661,19192
3.0765559403613683,19193
28.043079147092406,19194
7.297409846985292,19195
3.2792082570313354,19196
22.04178987332809,19197
20.82862027376789,19198
12.57140750672702,19199
6.751309859091149,19200
4.427339006995909,19201
3.5849408112648016,19202
3.3074070214685936,19203
3.1161716256823926,19204
22.553608800320717,19205
13.288584876658746,19206
6.94092423127311,19207
5.069252023889638,19208
3.76985385768042,19209
3.5845613122554734,19210
3.3129753456595017,19211
3.2565242338137823,19212
18.08139997901446,19213
12.470916608938383,19214
10.372104324329403,19215
6.738573392608844,19216
5.6018369288963905,19217
5.347413902711772,19218
34.40077376655243,19219
8.93582475037566,19220
5.608738567052816,19221
4.1122635527933715,19222
3.6832873430675312,19223
3.782901836410556,19224
4.26856380325009,19225
2.740058697120367,19226
4.086579310970758,19227
8.506322889062545,19228
15.296222066302464,19229
9.003216957443032,19230
37.42131709554604,19231
9.369075141247063,19232
4.104510731746063,19233
3.0284407327041616,19234
11.262230431607872,19235
92.81926181080436,19236
4.22882359141958,19237
3.9242142341993844,19238
4.967769890036786,19239
10.058539072647003,19240
8.227822184109765,19241
6.184290760039016,19242
9.992282856471103,19243
9.059061219573627,19244
5.542468895587119,19245
26.129976863762025,19246
47.29409884668781,19247
28.501213552370903,19248
23.755726989056935,19249
15.666648075572203,19250
6.2798018900931964,19251
6.934406386757872,19252
10.978078189797296,19253
12.062760744031252,19254
9.01702022582901,19255
33.31034978347153,19256
245.67439985481275,19257
10.102577841808653,19258
4.453950842280487,19259
1.4677244588242013,19260
7.202809433741298,19261
3.0912483620002984,19262
18.70753752705642,19263
5.151070966407039,19264
8.252118025010718,19265
3.8084391821981467,19266
17.167126771407503,19267
4.038449068366644,19268
33.96865294856427,19269
7.029815918236723,19270
2.186347225536974,19271
33.96865294856427,19272
7.029815918236723,19273
2.186347225536974,19274
33.56532392053373,19275
8.287381168719595,19276
3.7085904959603084,19277
22.222564261478723,19278
14.31217861104896,19279
11.805423587925157,19280
8.919697654249266,19281
6.380339644374183,19282
4.836628627740994,19283
21.396826957546093,19284
13.492187209275967,19285
11.351900405586171,19286
7.763601190122527,19287
6.077126022087229,19288
4.523700724285484,19289
35.91372159816119,19290
8.741004423767437,19291
4.142650091606596,19292
7.7847134570184116,19293
2.4255713327731283,19294
2.6073369427711492,19295
2.45044150718903,19296
8.963861506336544,19297
16.771072823820464,19298
9.925122546235958,19299
5.0189227155054015,19300
4.643442889461047,19301
48.34020292691667,19302
29.8155928919807,19303
10.404631196408156,19304
6.6145816020571715,19305
34.44170736116381,19306
7.93953233754939,19307
3.5401551688859696,19308
35.91590948774923,19309
9.571061849618898,19310
4.966844286277133,19311
28.699463335047657,19312
30.417991993495125,19313
5.7564466826326015,19314
1.823288750629868,19315
12.806366782952535,19316
6.207526176144948,19317
13.42211357500367,19318
1.2334660276752976,19319
32.08502113181367,19320
8.06644828893522,19321
3.529703224970003,19322
32.419500347829484,19323
8.06177756361326,19324
3.7018756784304636,19325
32.39840787671927,19326
35.26991273581957,19327
26.790437754739603,19328
14.135241513301954,19329
13.073712916308706,19330
11.394288876329068,19331
7.2489298270863225,19332
4.294207067881609,19333
56.3543189128186,19334
32.327693648768204,19335
33.09475721394514,19336
41.69729311789926,19337
4.181541539866291,19338
2.153732184374436,19339
24.00883913435591,19340
26.685301072542646,19341
27.551488126263422,19342
24.44438903551132,19343
26.058885966160915,19344
28.143711797773435,19345
3.69113059576185,19346
4.488270026745342,19347
4.988097627169183,19348
11.575350329950837,19349
63.0620574920192,19350
3.7773094413988244,19351
1.562968479757137,19352
53.277547390540164,19353
5.052568604870151,19354
43.754715496880344,19355
36.833612495456386,19356
9.855893677814715,19357
3.759165547334593,19358
4.767240602067136,19359
4.308046134115259,19360
7.134753053429242,19361
7.132135896243276,19362
26.787451591919883,19363
15.909292008339653,19364
8.54487020996659,19365
6.731985886903202,19366
4.688782000549321,19367
4.474660172566896,19368
4.217659711146122,19369
4.187324385092338,19370
28.09182316485274,19371
16.190841880345847,19372
8.656198430948766,19373
6.664920315891933,19374
4.659747982539334,19375
4.486394616342905,19376
4.224233415474986,19377
4.190833543051514,19378
27.719125154433748,19379
17.131857190365125,19380
8.483788902533249,19381
6.612891072728157,19382
4.693697137429259,19383
4.54570952319873,19384
4.288513273259972,19385
4.080753774289943,19386
10.785960683005012,19387
7.130524342555045,19388
27.320073652842844,19389
21.999478208029963,19390
9.622004640850248,19391
7.0979760792260755,19392
5.787877420361828,19393
4.303147957618521,19394
3.6395744182089698,19395
3.0504045560274116,19396
12.255152091482627,19397
11.306025829540442,19398
7.449510703205232,19399
4.8029222816475015,19400
3.9562218452074327,19401
3.0861483667725267,19402
4.784847619219828,19403
2.120563990507359,19404
13.023549352884547,19405
14.663462759293614,19406
43.911773774900986,19407
10.001416127441765,19408
16.675659405984547,19409
23.844109965942565,19410
12.836383380263483,19411
17.733024404827926,19412
9.180743518535635,19413
5.572400866820234,19414
4.053369979248515,19415
31.305530654220394,19416
15.814794285387507,19417
11.073384080208653,19418
8.446576720547892,19419
5.560962426653826,19420
5.192492333614326,19421
4.032527339007573,19422
3.2968399358079794,19423
29.5521544834667,19424
29.193246844174478,19425
87.86597132536082,19426
105.28922868343767,19427
61.90521694602077,19428
50.94553559805711,19429
10.02850960067975,19430
5.362470896602926,19431
24.831713074421884,19432
23.816289374742247,19433
2.4085144013778166,19434
10.433264701479464,19435
4.673679602027644,19436
5.774852905281356,19437
22.014368058124866,19438
31.07878337596011,19439
7.478760448675878,19440
2.6398191400677353,19441
31.30866066862794,19442
7.784091681714186,19443
3.5097051804149095,19444
10.926695377641424,19445
10.660449079804286,19446
17.669382880782376,19447
23.025584261055197,19448
15.34547029118839,19449
15.852882048879357,19450
17.19200564690622,19451
12.920605653678495,19452
11.62422816904623,19453
6.699296831710735,19454
5.670142346443042,19455
4.056337011211543,19456
4.284187543725932,19457
23.17472317977605,19458
16.33573104922924,19459
13.527168608842278,19460
8.536703601134075,19461
7.937036186568174,19462
4.761272885723324,19463
4.342621022491859,19464
21.762471168923614,19465
14.173095700523946,19466
12.396184844369625,19467
8.88212545127719,19468
6.825312555684781,19469
5.997538779222426,19470
5.817762034573287,19471
45.48688582381614,19472
31.26635542959621,19473
10.332874532558519,19474
8.259625101734274,19475
34.033668224965155,19476
10.828932253653083,19477
5.716639963751989,19478
30.734475410209015,19479
7.365129400388969,19480
2.6848760105753056,19481
30.451822274914736,19482
6.336950094651267,19483
1.6782029772077856,19484
4.190821276509749,19485
29.119854803065607,19486
8.751826762176687,19487
2.3406122922955395,19488
12.571294236634243,19489
11.173709616863835,19490
15.957105974138189,19491
2.884783864843025,19492
27.344005296651936,19493
5.786521882984863,19494
2.009564759321741,19495
18.74064965264566,19496
13.810048096427247,19497
32.01108868100217,19498
6.489336415141763,19499
2.05658728473882,19500
6.9463821476601595,19501
6.937173560085642,19502
4.54241496091699,19503
32.400878621549005,19504
9.063464049703237,19505
4.690182294177047,19506
32.07994447484084,19507
8.04878850167617,19508
3.5947648086430144,19509
12.99914005469545,19510
32.33995363007776,19511
44.111610536153634,19512
27.269344585990517,19513
15.705631717896855,19514
12.039790618260238,19515
7.7222549294955884,19516
6.848938682857035,19517
5.7371859504741725,19518
11.621325556589563,19519
3.694652551167165,19520
3.9316562553586607,19521
9.472486156987559,19522
31.17139811738263,19523
7.659074952671093,19524
3.6946729333295916,19525
5.438146026536722,19526
9.953401380428323,19527
3.5350163854040857,19528
6.136410547089592,19529
48.28372861875053,19530
20.34690050981086,19531
8.305876345737973,19532
5.826133889453138,19533
5.066387974513971,19534
7.246422223753898,19535
5.990965091841397,19536
58.81028313029325,19537
6.491812293183755,19538
31.113338078401263,19539
7.6037497983837765,19540
2.8337564199101055,19541
30.767282939816866,19542
7.247728415110739,19543
2.561173346602499,19544
101.13973033763165,19545
4.652362690440074,19546
4.511360881532692,19547
13.774104604720169,19548
6.40312769450641,19549
3.4937847711310637,19550
178.03762660427398,19551
31.60364772805861,19552
36.40216130681326,19553
11.51818602286656,19554
6.643055916764601,19555
9.355385955400928,19556
10.887208119146099,19557
4.8001967422679765,19558
4.95284019736438,19559
4.441961624772162,19560
17.191315468223767,19561
32.591568803085615,19562
36.54724482925255,19563
9.006108284701932,19564
25.65927008386499,19565
27.385730764786825,19566
47.85575283543774,19567
6.350039408525505,19568
6.450102991226772,19569
10.128682653017682,19570
101.76186336936748,19571
30.620728263279986,19572
7.103040125915069,19573
2.572475677398228,19574
9.940382813949258,19575
8.136730651146685,19576
10.690983802808532,19577
32.66202822779796,19578
12.408475289205104,19579
12.338079981802293,19580
8.794346567427317,19581
11.744778196874657,19582
32.30393632041957,19583
21.08747955185975,19584
6.525842978468135,19585
21.857504166516893,19586
13.81002252055269,19587
11.990264428181732,19588
7.4826428645787955,19589
6.572790230001624,19590
5.600458898280187,19591
14.718768606565503,19592
11.60557710178195,19593
7.876754910442006,19594
6.943437603986817,19595
6.192039276285931,19596
45.723812083597394,19597
36.1409924371536,19598
29.284325254994112,19599
25.40248409885216,19600
18.36650082828482,19601
15.564271626046617,19602
11.380162963074133,19603
1.637942344028895,19604
4.588349055488,19605
14.852530888585552,19606
4.2368986626671665,19607
119.24981640978528,19608
14.313966606757356,19609
100.60330102731942,19610
55.366065594186644,19611
29.975725674521485,19612
23.4682953183419,19613
19.861378995577326,19614
17.521930030586393,19615
13.949946352850274,19616
30.544222301701122,19617
6.295920175268894,19618
1.8216260165369254,19619
5.308729752819529,19620
32.37188107816861,19621
7.581903500095349,19622
2.0775414134490022,19623
12.4479806021917,19624
7.989119507816837,19625
7.499289519154723,19626
5.149250967725524,19627
4.431049515993718,19628
3.732169674467894,19629
13.35275641937768,19630
10.211150689028283,19631
9.062610517923574,19632
5.771572561690346,19633
4.787574459533398,19634
4.178149294726282,19635
13.442908264822194,19636
10.085173235168867,19637
8.14512428313224,19638
5.6090430923659715,19639
4.739315597698466,19640
4.371666915938714,19641
23.317438388834077,19642
13.609860917742525,19643
11.815060032041465,19644
10.613532110816998,19645
7.674335775020507,19646
5.05280376833994,19647
22.004212103297338,19648
13.581725098907743,19649
12.054005635708164,19650
8.657593275475351,19651
6.451863335981121,19652
5.2492863079001175,19653
21.681066288765923,19654
13.31851947202965,19655
11.36104525074785,19656
8.223833938094291,19657
6.079249726561932,19658
5.150030827126298,19659
31.60702872429117,19660
7.6790102161555405,19661
3.0764471547451726,19662
3.564772104259808,19663
3.7166052347284264,19664
4.1151458910984955,19665
11.068262883611634,19666
9.059267991292796,19667
10.751235541606501,19668
8.310900081250871,19669
3.3701128147042563,19670
13.177859587083395,19671
8.670034752713144,19672
8.49408482153941,19673
7.306207870070268,19674
4.3321809906181015,19675
9.523349461014352,19676
35.7183018518883,19677
9.298494440075233,19678
4.647812945641983,19679
7.1180288016884266,19680
4.751373160763275,19681
6.560085173903774,19682
12.684113276435692,19683
8.872600768418101,19684
7.482648024474985,19685
5.475055399012737,19686
4.723806202765501,19687
4.395738188192313,19688
12.57700839235281,19689
8.893457099100445,19690
7.591897224524085,19691
5.538522520483141,19692
4.727773601712355,19693
4.399826298378134,19694
12.577844777553555,19695
8.812191519946465,19696
7.47619083830779,19697
5.507291218325508,19698
4.729771832614431,19699
4.396561139995334,19700
22.5376075978497,19701
13.748249015391176,19702
12.943485067935866,19703
9.984057942303298,19704
6.324862307571071,19705
4.518879462007274,19706
15.465581594084226,19707
10.284776420366295,19708
8.42470244291233,19709
6.018147375133231,19710
5.146834527916308,19711
4.749359660373977,19712
13.849038221229309,19713
3.8985928702314245,19714
33.03209841421952,19715
8.774166204185276,19716
5.02660918248602,19717
30.71114421441503,19718
7.60430112047349,19719
3.0547360036729,19720
105.87566723514456,19721
30.747505488603288,19722
6.788220842969538,19723
2.4796272508596005,19724
26.570001340604524,19725
17.28771653932438,19726
30.257727570660116,19727
7.775885207299297,19728
2.659045471304104,19729
1.9762368993386037,19730
8.014594732597391,19731
2.3904582101331937,19732
23.66147451981928,19733
6.433234428539051,19734
2.115332871503264,19735
23.812087939521096,19736
6.486473789007257,19737
2.2161527290372423,19738
35.480747142865994,19739
8.069193337470768,19740
3.2199575803177645,19741
30.52240865726372,19742
6.786299719135282,19743
2.541916631047188,19744
30.82286671316868,19745
6.550281872196446,19746
1.912025580347083,19747
32.93207827319367,19748
7.353474953317238,19749
2.816248459975279,19750
26.16078402966736,19751
10.576162566048156,19752
2.8700944427667303,19753
29.920463103879822,19754
6.940469993626225,19755
2.5043077647519048,19756
30.5087232146442,19757
8.180188797086037,19758
3.72545380743361,19759
26.664633308574683,19760
8.593653823904196,19761
4.24434167195714,19762
31.37717262066089,19763
7.375145387420364,19764
2.8042563817273356,19765
5.147355710786326,19766
1.4258686949228212,19767
1.3809358667400333,19768
5.937393196193299,19769
5.872912808225445,19770
8.307697171581202,19771
7.126954694171299,19772
30.823594800358602,19773
8.09535936376041,19774
3.0635721884235174,19775
2.320734480097298,19776
2.6732036480664503,19777
2.8006207931071563,19778
3.061417606867859,19779
20.932407295555727,19780
2.4134066082302557,19781
3.6007415518128743,19782
5.1564021835319425,19783
7.511382135546346,19784
6.485670295754363,19785
2.455156892753373,19786
9.054448625824453,19787
6.421859703075055,19788
5.57734718754701,19789
8.292139874444945,19790
12.413505640975796,19791
4.8140806475908855,19792
6.912638925759934,19793
6.9576903581676275,19794
32.51535565562309,19795
8.206316822365562,19796
3.9641662666062967,19797
6.035550277971261,19798
147.91219723952395,19799
42.6856511666495,19800
18.295416531877176,19801
11.28986974441821,19802
9.661009055734327,19803
6.291087223289032,19804
5.069591698043189,19805
3.3584021551684193,19806
15.040405557352502,19807
8.449890728580698,19808
7.768521927543293,19809
6.631173046060273,19810
4.575162428667347,19811
3.2257622163609043,19812
3.2215575666248597,19813
16.21951316061321,19814
13.284830968014377,19815
12.417142058634107,19816
8.660648310681324,19817
5.305527690555614,19818
3.6406636451196386,19819
27.134670933778477,19820
14.603333243460034,19821
13.962819372174636,19822
11.063754581294251,19823
10.605872529509961,19824
6.904516687713501,19825
21.873404871940618,19826
13.473175091317676,19827
13.895871088203624,19828
10.888750352548564,19829
5.973872861621066,19830
4.247940341849533,19831
21.683386116828412,19832
13.424290620465932,19833
11.366335711581703,19834
8.227781689372396,19835
6.168816390761745,19836
5.151965424531506,19837
17.296370338849464,19838
11.478647894819334,19839
10.699344049402338,19840
6.5353931606021645,19841
4.46930150147439,19842
3.766725909576569,19843
21.152853906793496,19844
13.152361490428184,19845
10.533763755403221,19846
7.9892684097163436,19847
6.049811610504855,19848
5.254072576791892,19849
29.771893255921352,19850
13.985705970286949,19851
12.183951155707872,19852
10.769165872216387,19853
6.287328150434704,19854
5.134215541746004,19855
21.748946040018478,19856
13.105161889946912,19857
11.36443759132276,19858
8.456656743205547,19859
6.297949123772479,19860
5.169543291512562,19861
18.871718386995408,19862
190.40487689927772,19863
197.31740308561274,19864
116.4138356870353,19865
144.23096756132534,19866
119.29154896328211,19867
3.61778503586195,19868
42.462445434590634,19869
4.4704890562728945,19870
3.5637870952860466,19871
4.54689517840142,19872
2.541246955940066,19873
34.563052203952736,19874
8.533845973488782,19875
3.4622101908500524,19876
34.69314265580842,19877
9.370202428825726,19878
3.929040507365903,19879
4.1619319140421975,19880
10.294760905756151,19881
4.529724207823885,19882
32.842188779564026,19883
8.730439208313095,19884
3.989444343599238,19885
28.46367960304487,19886
16.500131790869993,19887
9.434602427306766,19888
6.953085460224355,19889
5.515499064366054,19890
5.131596262756135,19891
4.900303001340108,19892
4.852517638128333,19893
3.6939700291095146,19894
3.2338724761432496,19895
32.29204459319882,19896
6.980772241516774,19897
3.213596135910965,19898
26.678819447301155,19899
18.238053984331945,19900
34.51895963063876,19901
34.91771562579728,19902
31.88300801244833,19903
7.780757073594664,19904
3.7279848934121484,19905
31.27893169262506,19906
7.224288880773809,19907
2.7271503670474404,19908
31.412632175356325,19909
7.6959770003767565,19910
3.309734253068494,19911
21.389052278998765,19912
17.04452345803544,19913
12.88913098810461,19914
9.623651997519637,19915
9.736887439668658,19916
8.00755853479931,19917
15.205578553494565,19918
22.814991198987908,19919
6.25860449619296,19920
5.7572646262308975,19921
5.415363924739294,19922
2.802564917466451,19923
2.7564453062308263,19924
2.6545572754576012,19925
2.6544655004064284,19926
2.657683433605373,19927
31.815669142240527,19928
7.690066779471799,19929
3.316728811963971,19930
3.478408930343303,19931
3.478408930343303,19932
21.682763650346484,19933
7.248366617542895,19934
3.177391226131605,19935
20.863100486544198,19936
7.381913355311669,19937
3.260875332328388,19938
30.34733598336911,19939
8.55448713943059,19940
3.490675426874669,19941
33.60429784619688,19942
8.362532547368978,19943
3.410852470286581,19944
13.986081327034007,19945
6.398800824296434,19946
53.865664088295205,19947
20.36627832736087,19948
33.202175841758965,19949
7.848198187026502,19950
4.074196502818832,19951
27.302772367946552,19952
3.1095841108859714,19953
8.632835984547793,19954
5.373421320109366,19955
22.226007367058102,19956
12.808090241749845,19957
6.931514601784691,19958
4.910357442289404,19959
3.7660826426118468,19960
3.41800928547804,19961
3.1640336676567546,19962
3.096765101428523,19963
28.57215872980861,19964
16.692980862875867,19965
9.244017406706819,19966
6.829686212021412,19967
5.516716457380249,19968
5.243607421815652,19969
5.131402429598188,19970
4.9671842027165045,19971
28.45236324731426,19972
16.70302238382571,19973
9.324616019527666,19974
6.829659316798316,19975
5.515844815470515,19976
5.252119508229993,19977
5.112244736312384,19978
4.944834885350685,19979
33.252111456950665,19980
10.674689468257236,19981
4.418223022180151,19982
12.848471857899755,19983
10.721897065590403,19984
9.14854613008407,19985
116.67386319743323,19986
118.20175775264524,19987
21.526405218121507,19988
10.78335715284175,19989
6.558104417755297,19990
3.3055476464576135,19991
1.8699536606127944,19992
140.37579632113332,19993
4.41946200213879,19994
5.05968325414652,19995
2.4401461704351908,19996
1.5192403150255411,19997
2.957995929326658,19998
6.400263896085925,19999
32.22457919894849,20000
8.113983286616435,20001
3.816632519106873,20002
27.0934670260875,20003
6.9912636085968725,20004
2.5643232171892416,20005
27.0934670260875,20006
6.9912636085968725,20007
2.5643232171892416,20008
29.500638404015653,20009
6.728381072636599,20010
2.5725201129628177,20011
29.90434603741267,20012
7.339445250844863,20013
2.727159891108722,20014
4.758609678089799,20015
4.726833999097498,20016
5.310729321437127,20017
27.266399259531248,20018
6.672642377615411,20019
2.3063998243438006,20020
24.96158301587785,20021
6.406196415678769,20022
2.471059898908638,20023
3.689497715092776,20024
34.86883526008838,20025
6.080498080690848,20026
1.9293771274377933,20027
36.77900919536778,20028
6.4337172228297685,20029
2.2639086960913635,20030
3.2569013852456554,20031
33.50694383564496,20032
7.842078361127244,20033
3.5991616995400606,20034
37.11979536600417,20035
9.329647027080938,20036
4.072545400947267,20037
32.151591633140264,20038
8.541371134212266,20039
3.933371583428062,20040
36.78857313253217,20041
8.34579497443295,20042
3.179047781758426,20043
31.38179740969426,20044
8.234343416429144,20045
3.5652796174097277,20046
30.825807125564754,20047
6.454336156190495,20048
2.473281529357991,20049
3.66316609082006,20050
6.137286905786386,20051
6.165510292120399,20052
6.174558492494594,20053
23.12261752127152,20054
7.365589095707574,20055
2.909831567935928,20056
4.483848602776262,20057
29.172558386270694,20058
8.002414327864075,20059
2.7068905329427313,20060
32.29884337850086,20061
9.435020018292526,20062
7.103477233718526,20063
4.7638375514924025,20064
33.35491879755909,20065
9.175722248087553,20066
4.943483011964111,20067
24.702750394202866,20068
14.752176469372884,20069
8.948703516459632,20070
6.658449146258933,20071
5.415868528038146,20072
5.041221768642086,20073
4.888357239888332,20074
4.802944895299904,20075
27.36695954717641,20076
16.0914086805319,20077
9.094389012778585,20078
6.193326706596643,20079
4.981119042407068,20080
5.031315037132278,20081
4.746954232603691,20082
4.644055801971438,20083
49.788806093212294,20084
51.78154188942135,20085
19.53260430883388,20086
7.34362031923432,20087
2.5348729159336063,20088
3.6333779090400906,20089
3.7056509485595064,20090
5.722414413690437,20091
30.44217567125868,20092
7.369775175715988,20093
2.2699197005977765,20094
30.407691092123418,20095
7.176783108294391,20096
2.2395481305742626,20097
32.15421572169186,20098
7.7453810232544855,20099
3.4566420512648137,20100
30.585081286623847,20101
6.914783453653015,20102
2.0634438889122895,20103
34.96917642516195,20104
9.13049606981721,20105
4.365141876050588,20106
32.1743390506898,20107
9.613659378722836,20108
4.58401016074602,20109
34.95342266663402,20110
9.13074648926322,20111
4.367245069695698,20112
2.342875763773612,20113
30.68206443719256,20114
7.044864692163376,20115
2.0333311595849715,20116
33.69975129136408,20117
8.414908220879632,20118
4.451621840468647,20119
7.965761902013465,20120
84.28152517282034,20121
4.69131934726607,20122
8.668797234369896,20123
8.799154408332804,20124
37.29028234519036,20125
11.075009229679182,20126
7.54600037374948,20127
23.73577070520475,20128
5.620915269308667,20129
2.019705496078763,20130
44.780051317075475,20131
5.26960830239894,20132
5.442765276877217,20133
4.582349634732577,20134
6.331958473162288,20135
23.06461402916417,20136
15.80862330584423,20137
13.292003916412341,20138
10.364506651454903,20139
6.624980940086923,20140
5.824437177763158,20141
4.707348618338082,20142
2.351718185617689,20143
1.998331285309014,20144
4.59761351963914,20145
32.13543150416188,20146
8.697066917152968,20147
4.652847881620132,20148
34.43804276334549,20149
9.239279184289916,20150
5.086413436855567,20151
23.783449367696,20152
5.906640223543495,20153
2.5348659595067264,20154
2.5901066390159007,20155
23.783449367696,20156
5.906640223543495,20157
2.5348659595067264,20158
23.823345967230733,20159
5.819627088328513,20160
2.4345040403410647,20161
5.286601346459313,20162
2.895091682416054,20163
31.311333356432595,20164
8.325231551512061,20165
4.202178214606803,20166
5.421639290793207,20167
31.381677208838468,20168
7.257083621145695,20169
2.97729529595125,20170
18.33369555669925,20171
19.899482135873285,20172
17.333318624997016,20173
19.059376736627623,20174
14.040802575957168,20175
3.441949167973281,20176
4.61444893784848,20177
5.136833534762858,20178
29.47292003584122,20179
6.950702864368903,20180
2.8900306283247317,20181
8.52834029538953,20182
3.5170703230267963,20183
3.6035197211226935,20184
4.6674068649308555,20185
58.84742700507862,20186
72.5935974012796,20187
58.108349429499256,20188
22.55620759716986,20189
2.7686415286373007,20190
18.460693399674476,20191
11.03565389517571,20192
32.39315050035239,20193
8.54925699051315,20194
3.974559542092268,20195
3.267105442561659,20196
14.334107403188012,20197
15.468756665816652,20198
12.358382967342454,20199
12.866389662332255,20200
3.75942475021946,20201
7.475996668212028,20202
30.72245118349953,20203
7.191452522119406,20204
2.8448990494713606,20205
32.60632664195312,20206
6.731606685216113,20207
2.2823947973172287,20208
28.277750351265773,20209
7.674212783153015,20210
3.4163956129644144,20211
31.279450909054084,20212
7.4251091792544965,20213
3.1319026526766995,20214
26.106576475145676,20215
24.215921405414846,20216
16.18361566908308,20217
12.7712744921261,20218
7.5298863411436825,20219
7.028466517310945,20220
7.8211946725363015,20221
6.940375898668048,20222
10.435930911835637,20223
4.758411282274358,20224
13.624924204644197,20225
27.490712871995314,20226
19.071040646127404,20227
60.77887964820947,20228
60.90528645172143,20229
70.42688739850503,20230
3.4014775769979124,20231
32.55166763561398,20232
11.053190536402303,20233
4.269098188918489,20234
37.78390309154898,20235
7.494604395750795,20236
4.111886541597079,20237
27.44367217058038,20238
20.326240756263704,20239
20.01370971853319,20240
14.011722221740706,20241
8.606171056851544,20242
6.003562417665997,20243
5.974560922479077,20244
30.322673485630553,20245
11.777394656374844,20246
6.7667373340520145,20247
30.292033001472024,20248
11.749595909224709,20249
7.046679532719434,20250
33.314056375530456,20251
8.631629005142448,20252
4.537713341747645,20253
16.845199780821105,20254
33.80459312981237,20255
44.429916600938746,20256
8.928807385477798,20257
12.450658211833009,20258
8.513182172089529,20259
7.739717888411939,20260
8.133569978439727,20261
6.422478398347643,20262
4.701853293156977,20263
4.285493641904448,20264
141.84039336525893,20265
102.36339297906024,20266
138.39919818202122,20267
150.53562082854867,20268
78.95904363802335,20269
16.548356415709677,20270
8.437377048688136,20271
6.700063675306082,20272
3.1704937614722035,20273
31.279179921109307,20274
6.93619188999799,20275
2.4793321518815032,20276
100.98998168706882,20277
92.09776155183815,20278
45.169377042933085,20279
27.853609978063346,20280
16.481172062741866,20281
9.48462223847011,20282
6.687468495468448,20283
6.555062724622176,20284
6.10686881389876,20285
5.859131330157245,20286
5.539434808115291,20287
4.834024807311307,20288
21.946859589016153,20289
12.364765253323306,20290
6.588819829062769,20291
4.829022424361766,20292
3.55976502068379,20293
3.2764015525740553,20294
3.1892887045836833,20295
3.1154895174250425,20296
22.020566538692545,20297
12.56258970283764,20298
6.845803444979019,20299
4.799032110498316,20300
3.620773985242282,20301
3.335163547077614,20302
3.25465594325542,20303
3.1259247983681813,20304
6.683641339838718,20305
23.928876414330553,20306
6.810196948572941,20307
3.202373425959442,20308
35.8589250909973,20309
9.772005182506643,20310
5.112422687165749,20311
34.42983402875607,20312
9.45469585963137,20313
4.835526573762615,20314
24.71806296813631,20315
5.003289525928848,20316
1.364530840195116,20317
1.7759861734270554,20318
5.211210644236294,20319
3.16768436945696,20320
4.9338990765426125,20321
3.3078778703058993,20322
3.1330472184404807,20323
2.6142280808597835,20324
6.520989723881689,20325
24.560284219149626,20326
37.653622441751374,20327
9.880769753091734,20328
3.353231332195329,20329
34.960192270009856,20330
8.736517037756592,20331
3.5566210680025776,20332
31.08488009864686,20333
8.42990527559366,20334
3.322453942746751,20335
30.20130786230491,20336
7.561511691231207,20337
2.4327479020185505,20338
17.543156393327145,20339
28.609786704517337,20340
6.011422416170929,20341
2.3428168326014998,20342
36.956908500391094,20343
7.5548952502645275,20344
3.624936220389167,20345
30.509420966158117,20346
6.840748142522178,20347
2.1025143607938808,20348
23.54743230504221,20349
25.187005673926276,20350
8.38699426155639,20351
39.5901036250497,20352
19.255460563631335,20353
13.60628512523073,20354
12.341606532855847,20355
8.969930223215476,20356
5.658156987294725,20357
4.303060273924807,20358
16.8509751847216,20359
11.455217989240207,20360
8.887086155756009,20361
6.8583772511605945,20362
4.797759741203359,20363
4.522189667477857,20364
16.863302277839235,20365
11.12743900058953,20366
8.829194771943898,20367
6.058583760990007,20368
4.910780996401271,20369
4.0745723378738115,20370
13.411808032788297,20371
7.697337497208551,20372
6.460974606879344,20373
5.0349666299310245,20374
4.668483074761386,20375
3.3074659151947805,20376
28.132897053023928,20377
13.937683349554877,20378
12.216032544316434,20379
8.964030791238834,20380
6.4694059188669515,20381
4.15519398337145,20382
17.274792139762287,20383
8.648776870125426,20384
7.114695183226388,20385
7.09692068769099,20386
5.274981317883334,20387
3.40288125823586,20388
30.637578354923832,20389
9.810229274441577,20390
9.985631956914325,20391
6.400509137826658,20392
5.1618562022593135,20393
2.862800880280515,20394
37.101878468599644,20395
10.066451105255702,20396
5.5621247864450085,20397
34.498826004353816,20398
9.021676613805742,20399
4.944829927140964,20400
33.054875332796776,20401
7.928431573014867,20402
3.045149499406939,20403
34.8616151016655,20404
8.48435235926447,20405
5.153422606737958,20406
5.773716650252335,20407
4.6632073615889205,20408
44.601553340182676,20409
8.075400386675911,20410
8.075485527515559,20411
5.676164595272826,20412
16.44808280093,20413
12.864075127049576,20414
29.070691754758226,20415
7.690328229890668,20416
3.4052913417267257,20417
21.871081059826306,20418
34.27048959973685,20419
10.73120186088116,20420
5.478948932637547,20421
2.61933951463912,20422
3.6003050799340364,20423
58.96590385436905,20424
15.012637185382118,20425
11.797755629275805,20426
45.14097953347298,20427
8.03921164817248,20428
27.852789501069466,20429
27.852789501069466,20430
35.75240086424068,20431
8.076271594946473,20432
3.060810210519465,20433
12.08719166388062,20434
3.0039708522065354,20435
8.141418969171061,20436
30.652614619898817,20437
7.029595339332341,20438
2.2602767312566923,20439
4.877499026773917,20440
6.829938246844337,20441
5.233346077141331,20442
5.739983508926399,20443
23.72023205906252,20444
39.54844124064119,20445
14.433606432526334,20446
9.576281782428882,20447
31.505729853824935,20448
7.701412780046495,20449
3.056589677285255,20450
38.04213782843154,20451
13.719777762910356,20452
9.323620857049445,20453
30.49488645646876,20454
7.4310190017052244,20455
2.289039435432547,20456
294.2207078242671,20457
381.8907658525665,20458
32.10784589953232,20459
8.092408712602191,20460
3.828592426109963,20461
11.07562098015624,20462
5.789087931657804,20463
4.826101828025923,20464
6.065080640821572,20465
2.9762831320339047,20466
12.584955767004308,20467
7.146814754656948,20468
6.042739978758046,20469
5.980078896584663,20470
54.685000169417656,20471
107.4503516222456,20472
68.19892240420023,20473
56.71593351805427,20474
48.18100584460872,20475
42.589402530458585,20476
17.60713952217601,20477
5.425335294144519,20478
5.0238667713032035,20479
11.768867426498772,20480
23.650353914963265,20481
29.718202496127823,20482
27.159551328830037,20483
16.37326115907628,20484
16.83795909273679,20485
16.066607486973062,20486
15.88856420779035,20487
13.825205990555256,20488
13.430346294523465,20489
9.459317973978832,20490
8.259664564808897,20491
7.407912195689163,20492
6.769325250828817,20493
30.596454708178403,20494
29.074918057019918,20495
25.320242188264558,20496
22.470693272205036,20497
20.524182809579553,20498
12.300834004087397,20499
10.213802996034264,20500
22.35655287400802,20501
11.364289957516617,20502
30.42009564163302,20503
6.841932715617055,20504
2.5419848669223866,20505
9.215326794144403,20506
2.104604318223624,20507
34.112188743389,20508
9.860524379646995,20509
4.451924443977593,20510
3.401381267868455,20511
2.654918662337634,20512
8.81283961090902,20513
5.656023534442292,20514
5.813577816650576,20515
9.805076732090939,20516
7.87184106876643,20517
13.43944970671296,20518
11.279919450358648,20519
11.261715529361156,20520
11.39863102879412,20521
27.165507437304925,20522
7.060171944141401,20523
3.120359969643053,20524
3.665162583949479,20525
3.6407481209631762,20526
2.5479350437778017,20527
2.955233280083763,20528
3.6516026342611867,20529
3.097129164877945,20530
4.596955418369726,20531
21.209084488835263,20532
31.96606584644375,20533
7.736969484398637,20534
2.9601039892315577,20535
37.30427066321889,20536
9.807242163570857,20537
4.869622171749422,20538
37.612865464098526,20539
9.850943523912592,20540
4.820088307580514,20541
33.37908675825367,20542
8.595305137733453,20543
3.9690104728155573,20544
33.987914263438405,20545
9.646414541986545,20546
5.766295306100531,20547
8.442871841254002,20548
3.885376808134573,20549
11.402346669398364,20550
7.272997582716992,20551
7.038149102422937,20552
5.2279278679972165,20553
9.097332902520986,20554
5.613236039053692,20555
5.0422275784335255,20556
3.2562338869092082,20557
36.58182093823353,20558
5.555020585672811,20559
4.1742339802693476,20560
4.819334414423492,20561
4.822194891412361,20562
36.25646191967904,20563
11.998559665494726,20564
5.664199795135564,20565
35.758748047424206,20566
11.831285095039108,20567
5.298739126701358,20568
2.9400189950601576,20569
25.95748207092414,20570
6.046981739542609,20571
2.3716156613269384,20572
30.711839768208662,20573
9.723106475711512,20574
3.289791655117848,20575
30.53383613625651,20576
6.516290280002613,20577
2.3526560139190793,20578
2.6123590480762147,20579
8.058073155570897,20580
28.876129464514012,20581
21.305220318278696,20582
28.772116370285598,20583
21.26885056815859,20584
27.06330095416043,20585
5.829505950939343,20586
2.0684252871215913,20587
6.786335186708136,20588
34.87242971266605,20589
9.168469465738038,20590
4.59408096467815,20591
32.849046429000644,20592
7.858793420508096,20593
4.160526709552799,20594
29.84940565111792,20595
6.40735359710851,20596
2.1254021227266757,20597
11.857263195305006,20598
11.20725389249402,20599
10.675941344160973,20600
29.689835931731793,20601
8.325428677664895,20602
3.6322956123891084,20603
33.02308962547323,20604
10.14409994314133,20605
5.746329749045352,20606
36.098973013935286,20607
8.644657959309733,20608
3.2099488827633014,20609
32.095703662584114,20610
9.069028890089957,20611
3.225524498492708,20612
37.58388945080821,20613
8.763795919663542,20614
3.7108825684078015,20615
32.61821584835592,20616
8.403717868335082,20617
3.9819743687365525,20618
35.8735602666954,20619
9.172313598494808,20620
3.1866532660069278,20621
31.975905332184812,20622
9.492377251147385,20623
4.463744339484621,20624
34.568324314441476,20625
10.311784325819936,20626
5.891855874679988,20627
35.87354702781739,20628
11.769063139023041,20629
7.946323182708086,20630
35.393248442522264,20631
9.844962305982794,20632
5.58579878394687,20633
38.846275648681214,20634
9.844256140485864,20635
4.326610283117402,20636
32.40009329291099,20637
7.82044932051098,20638
3.333593414248069,20639
34.43706137237092,20640
11.430916362857083,20641
5.253127923687979,20642
32.93249358275554,20643
8.68984452423759,20644
5.670410388523427,20645
36.1654093608495,20646
8.885995394193104,20647
3.3687813319309377,20648
32.05372160808205,20649
8.974749841900984,20650
3.2061629017286877,20651
32.634362350058794,20652
8.255671746463044,20653
4.159382897121347,20654
30.958989897266196,20655
7.248527028851283,20656
3.0154706327712284,20657
36.32961811185045,20658
9.428248470013482,20659
3.196690435255397,20660
33.20032685000533,20661
10.036394123502555,20662
6.091731316825053,20663
34.89993683363162,20664
10.036410845269009,20665
5.157273542204431,20666
36.53576861527592,20667
13.4348588737131,20668
8.659515583735276,20669
29.145515203696046,20670
7.584321214825301,20671
2.595109726743107,20672
4.031202427740053,20673
28.823100426756408,20674
8.211639764231014,20675
3.536668151516,20676
4.788626890015936,20677
4.0071158709084544,20678
2.7326992751913775,20679
2.804221880246855,20680
200.63629706321979,20681
63.37500487451921,20682
85.17084346248058,20683
1.6319749508936336,20684
11.344822347748055,20685
12.199205601443968,20686
5.5361521425859666,20687
20.094591513595518,20688
14.157574755125621,20689
36.65369857235692,20690
42.9809890923447,20691
43.313849917530305,20692
30.054982025329135,20693
8.016869712900867,20694
3.6201625845333196,20695
6.752885743986922,20696
5.168628713240614,20697
7.760084212021464,20698
30.929872877791816,20699
26.53958970098505,20700
13.023286594317888,20701
2.4816228034246213,20702
35.58831068713775,20703
5.8772300013612755,20704
9.957839787880951,20705
15.999100245965018,20706
10.787966513899034,20707
31.797200704198243,20708
7.887349840408483,20709
3.6454099858356575,20710
32.32048370250355,20711
7.37374123022639,20712
2.947078501892568,20713
23.65579580362407,20714
7.695554940582221,20715
3.7029484182533725,20716
33.099236706903405,20717
7.124866124831493,20718
2.6855807649002745,20719
31.44189930547226,20720
7.324369468747803,20721
2.8563881372809763,20722
28.165115967457112,20723
7.072532888142919,20724
2.6028418640159767,20725
10.913410708863108,20726
40.91028128265063,20727
2.619486269434443,20728
31.09984892850563,20729
43.2033122473081,20730
41.09119172484404,20731
78.5218936039251,20732
38.48922811572961,20733
28.09382622405315,20734
28.091244257339945,20735
18.16332472552663,20736
34.845315464668424,20737
31.238671210033687,20738
37.61387514422766,20739
28.034714705740182,20740
9.117845698070925,20741
5.345497941345529,20742
59.66441298466314,20743
45.7161818912467,20744
87.28036551654846,20745
49.25979884261361,20746
29.08796194900478,20747
14.424327887282097,20748
14.611131336494143,20749
6.22932145382792,20750
6.088129827121029,20751
19.20346208931651,20752
17.36310141072686,20753
14.033098359389195,20754
13.684800435226117,20755
16.253167420502923,20756
7.01283794841838,20757
4.022555511490121,20758
3.066394727194482,20759
7.60714424286615,20760
7.862803610120721,20761
6.924988135032795,20762
32.68908554674177,20763
8.136941816785656,20764
3.8291706377664454,20765
4.718119513032521,20766
36.102563980155395,20767
8.743779799582079,20768
3.751332950635452,20769
37.122009544511684,20770
8.710039922595438,20771
3.5877386809300003,20772
30.754666752281004,20773
6.49825147861193,20774
2.032985492655995,20775
5.583794703989692,20776
1.778058228215068,20777
4.477427757358752,20778
31.606203213550412,20779
7.905739033065626,20780
3.019286876283411,20781
30.862084301642394,20782
6.666292246286594,20783
2.210166902429226,20784
3.9327655440103553,20785
8.149600973886168,20786
21.901055615897064,20787
12.391625633489117,20788
6.564793359280419,20789
4.679910873209496,20790
3.541205317831028,20791
3.2303041418376206,20792
3.096101723448694,20793
3.0144166419554135,20794
4.313190275280418,20795
22.788397472065448,20796
35.31511278693687,20797
11.945628710056818,20798
8.554357370064517,20799
26.83856928246217,20800
32.9932763737656,20801
29.119990105982435,20802
6.872550003772745,20803
2.6606303500458726,20804
29.30582264151253,20805
6.339647193682321,20806
2.8498270214821715,20807
14.609054076494608,20808
30.700217475700892,20809
7.2353493021252016,20810
2.8016399088187396,20811
30.760420485322264,20812
7.492210720686007,20813
3.169726529217793,20814
33.71520839063288,20815
8.978485730834407,20816
3.1934856148369306,20817
32.97487525827285,20818
8.657033917832694,20819
3.5640731154511403,20820
30.666328277356232,20821
7.993178929269432,20822
3.1606267642754218,20823
29.928226004843903,20824
6.406526730963387,20825
2.1674002466315376,20826
10.614696641483695,20827
6.248576522619186,20828
5.419305946137342,20829
4.635638327445338,20830
3.4148016787561595,20831
2.9265309175418586,20832
15.617761419186685,20833
7.8887554389594685,20834
6.650465157796521,20835
5.705084878151503,20836
4.72398985867856,20837
2.794396882011573,20838
101.76895274147141,20839
27.283979617293173,20840
28.04363033888438,20841
34.081847694989726,20842
8.399833272078256,20843
3.2982785257493643,20844
13.682872629327552,20845
10.004916509950242,20846
9.614709072744462,20847
7.321734870066814,20848
31.412632175356325,20849
7.6959770003767565,20850
3.309734253068494,20851
3.431088304470721,20852
3.792482447040726,20853
3.3596295455653777,20854
4.393928719522618,20855
28.76708001276871,20856
6.503167117406645,20857
2.002094719694056,20858
31.12792400035786,20859
7.27117883765507,20860
2.965739432904486,20861
40.8304615857922,20862
8.516854896687871,20863
2.941143504748322,20864
9.46073193705366,20865
3.88163652403594,20866
28.696352430311563,20867
6.612733527394546,20868
2.124046754236111,20869
76.96168979064598,20870
35.75112672334239,20871
32.42641759250178,20872
22.50637226860677,20873
23.508917313295886,20874
85.04665437523794,20875
37.7012940480193,20876
33.44625517059696,20877
23.45294740767874,20878
25.98743163661738,20879
2.2799457466971553,20880
8.955589217525356,20881
4.897508538436578,20882
4.853355973723026,20883
3.675990974530892,20884
31.03008038176521,20885
7.941037389757094,20886
3.606799416336375,20887
36.85057499575444,20888
8.944789179144237,20889
3.998715418008985,20890
35.86748289836035,20891
9.720105088993426,20892
4.6082859790047,20893
16.56431698644087,20894
44.41386748887152,20895
30.85950021732228,20896
7.119604018757607,20897
2.086941607328711,20898
30.72052015456988,20899
7.226079903690145,20900
2.2383688395297794,20901
31.04431668705515,20902
7.865574395854861,20903
2.676393599939037,20904
35.18155790950826,20905
10.457108660867954,20906
5.559765362387303,20907
30.524927349719782,20908
6.823234779884625,20909
2.2064574765970635,20910
30.584886929926125,20911
7.157592972247987,20912
2.383274781442794,20913
36.26358297100436,20914
8.25839497889689,20915
2.8957923531897736,20916
35.398617656962465,20917
8.171185861894934,20918
3.058475277060222,20919
29.792089515895224,20920
7.29702256023634,20921
2.8338247097797487,20922
15.180664623198288,20923
1.6762196038103405,20924
35.54113207861498,20925
8.634400397621667,20926
5.037072948316952,20927
21.965125205177586,20928
13.580696327347106,20929
11.764959817905273,20930
9.758243557964631,20931
9.214993556696319,20932
6.794584653495832,20933
6.5546085471901385,20934
14.875654518750984,20935
8.143429636014847,20936
7.000772850886076,20937
6.116564776013016,20938
4.2945757889143445,20939
3.130134798253648,20940
3.2835391823441666,20941
15.730480146737978,20942
8.37638425848088,20943
7.255772187326731,20944
6.252590927019407,20945
4.176079187240318,20946
3.408329059915193,20947
3.5303344171366056,20948
5.34915924131612,20949
5.338677377158578,20950
3.299191053245684,20951
2.5756434067846294,20952
4.3344096382599,20953
2.908567954457508,20954
5.179204871385491,20955
21.66095838070728,20956
30.426444773917755,20957
7.246390947880471,20958
2.3021182546170524,20959
3.6858749484595714,20960
38.75261786767798,20961
11.776025939077769,20962
6.591679529472609,20963
4.989590166951118,20964
10.061869569297388,20965
9.95735248081474,20966
4.980078546786561,20967
31.64863768292186,20968
7.87822907189459,20969
3.6973277500167305,20970
3.7637035246945523,20971
3.340974669094395,20972
3.67674974457877,20973
4.1258448828599255,20974
2.3045264314232323,20975
2.333652366886894,20976
32.63813311578557,20977
6.868618799826875,20978
2.6869226774436603,20979
32.730079231808354,20980
8.859281214129485,20981
4.193581122459906,20982
4.927397693405036,20983
3.1812134021119207,20984
3.0212516994435696,20985
67.31678492331747,20986
38.97327909411239,20987
30.42783744462336,20988
18.77169996214474,20989
10.796964993716497,20990
12.86261419404937,20991
8.885797837702771,20992
8.148561137135893,20993
33.666240051181376,20994
9.110191193615357,20995
4.115160363553289,20996
36.71167632300791,20997
7.831188130201953,20998
7.498898869792855,20999
31.697893485898916,21000
7.445032467329001,21001
2.971854311224353,21002
32.00045668453963,21003
8.222378051013797,21004
3.862065479569016,21005
2.020960324917024,21006
15.351433086887385,21007
10.621508384092957,21008
8.100250396253728,21009
13.460830747040726,21010
27.163578948855992,21011
30.92254614243553,21012
6.682829061280133,21013
2.3318643547273945,21014
30.896726132920843,21015
6.6728407660796325,21016
2.2701180787041326,21017
2.3884464285185327,21018
18.377056098080082,21019
7.868454439115354,21020
4.730316218218437,21021
43.59890176997348,21022
3.2689666314574937,21023
9.076482881717185,21024
17.362169067049326,21025
66.64093599825054,21026
111.85294228585904,21027
22.068399137233012,21028
59.50069605059617,21029
27.238183096724807,21030
30.00853084363485,21031
6.843902781048585,21032
2.574925137670594,21033
31.254065658401423,21034
7.559340078824066,21035
3.18621924902859,21036
34.58146758314113,21037
7.463769140808865,21038
2.9545551014712914,21039
31.48011760323111,21040
7.670119583004633,21041
3.173049053133654,21042
29.80669024133341,21043
7.407607746287127,21044
3.039152443342018,21045
32.112723989711775,21046
7.5124918017572115,21047
3.1478128203763034,21048
32.318489824528015,21049
8.314510526871334,21050
3.9498784570686745,21051
28.963211784269,21052
7.762579622886769,21053
3.6795816280125053,21054
29.81164962930636,21055
7.664237906869223,21056
3.023773281367484,21057
30.337330856740028,21058
7.464926997463803,21059
3.1156767101235565,21060
30.615323280347,21061
7.189867494704321,21062
2.0707750843171278,21063
36.173994256023896,21064
8.67994270357098,21065
3.3376861459646947,21066
31.258074939242142,21067
7.49089840268436,21068
3.2116254633097068,21069
32.040863474729,21070
7.407561549014915,21071
2.9477356532178987,21072
29.82907301706015,21073
7.314318613226449,21074
2.8461506346634438,21075
23.58010232068859,21076
7.093186657400408,21077
2.6708311806385407,21078
23.58010232068859,21079
7.093186657400408,21080
2.6708311806385407,21081
18.85233151989672,21082
12.57424301600421,21083
31.403483586362505,21084
6.817104432745533,21085
2.596906797390882,21086
5.9297311766178575,21087
33.488981249010266,21088
11.00476425736269,21089
5.490590745222258,21090
10.27746371433751,21091
33.35154133230529,21092
22.677312085576492,21093
8.15732702335003,21094
35.290894376170826,21095
9.603724000629379,21096
5.084375761184011,21097
26.582595407419905,21098
8.102969363689654,21099
12.172122910333286,21100
4.270679895038047,21101
8.331370768017607,21102
4.176555879981023,21103
8.11221042163791,21104
1.9112113158428432,21105
8.723326652914997,21106
10.521980929920964,21107
31.08958516606401,21108
7.755658079738285,21109
3.4471460784900394,21110
6.600137434984203,21111
4.617332336678324,21112
16.930322525886673,21113
6.600161412739263,21114
5.4489859367895415,21115
5.813255456417765,21116
9.897023860419376,21117
8.261131328029744,21118
32.69084035316814,21119
8.099743902590879,21120
4.280201486553424,21121
30.33250908778021,21122
6.674694373830342,21123
2.0548079460451723,21124
31.268019270088946,21125
7.473388222849414,21126
3.34446724163744,21127
31.375774484642672,21128
7.3144195982893,21129
2.8329946601488025,21130
4.529640242256343,21131
9.44016463349927,21132
6.044073408020076,21133
5.877739887159804,21134
3.040836399074579,21135
6.920738064047962,21136
5.474641316433176,21137
10.552265374414743,21138
6.260558465426274,21139
30.51553614108688,21140
7.659476046696371,21141
3.8535773125592026,21142
30.461365621751813,21143
9.272359055070762,21144
4.2121143179372265,21145
4.889722678358222,21146
9.859145586440532,21147
31.25103924032573,21148
7.6473488096027635,21149
3.1588080978408613,21150
4.9177617002602165,21151
3.7580566240498388,21152
33.52338907059241,21153
9.913650192555062,21154
4.036040070441751,21155
2.0960913949110895,21156
10.137278931920166,21157
33.49690328984044,21158
37.574748900821206,21159
52.032594291881686,21160
56.78886373960885,21161
26.013419546597135,21162
27.655263562970894,21163
25.044939003619383,21164
21.034247206873665,21165
19.524846305200857,21166
52.17903288898111,21167
19.49423985191577,21168
27.339059152951723,21169
8.674102895777768,21170
17.028210504024518,21171
15.934717759897824,21172
12.157501411466098,21173
10.681703916816058,21174
5.296969146437761,21175
3.0296645849506625,21176
37.10250078391594,21177
27.63448521739957,21178
6.5509508713263696,21179
2.5336856408212167,21180
12.877157094440786,21181
5.912479061145655,21182
5.568057488422084,21183
3.890859384348361,21184
28.32361051092053,21185
7.5382584085042,21186
3.5903127611964356,21187
2.6316298556943676,21188
4.2008552791922735,21189
3.8787130938603096,21190
1.622485344046109,21191
5.46093415615803,21192
8.97345417446516,21193
5.337915850536101,21194
5.798202455153427,21195
4.042263953647942,21196
3.5062852896857986,21197
3.364337488996574,21198
6.017801371701699,21199
3.2411335173677607,21200
38.322537271328706,21201
24.08572943905524,21202
24.462263973260853,21203
14.22649898648781,21204
15.440209033991428,21205
27.67650437432944,21206
18.975502732977,21207
13.995907726034122,21208
10.084296825507295,21209
7.410032991541758,21210
45.49059330379641,21211
10.224131523336549,21212
10.680870862001823,21213
18.10746726386481,21214
4.872460443616622,21215
6.832525210493859,21216
5.557466612515548,21217
3.550156536506534,21218
35.36619278014515,21219
11.259198308617767,21220
6.782493859226082,21221
23.600796190582923,21222
6.163500787240675,21223
2.580502935804819,21224
1.5442878387700676,21225
3.221004055926747,21226
27.676648978084433,21227
11.124831621256153,21228
3.699515667211895,21229
4.895044807011321,21230
3.902004153506052,21231
2.4226317879304737,21232
3.7708990118133574,21233
7.240587685649806,21234
11.19172129307089,21235
10.651304122188979,21236
47.763842973647705,21237
52.096954233040876,21238
4.743355627065024,21239
42.24889499593169,21240
10.859703512262904,21241
83.71440644508304,21242
34.7456966696724,21243
27.718126559984682,21244
19.476648988939438,21245
20.94886275627646,21246
47.44427518260198,21247
33.27771761505985,21248
10.106550355473665,21249
5.4997397377249655,21250
30.99493468185288,21251
6.850805545991874,21252
2.3267978380239747,21253
32.66946424018032,21254
10.059710306100973,21255
5.116700668135979,21256
12.125523488684113,21257
37.33003845841056,21258
8.947798921228756,21259
3.500109533607697,21260
1.1482946902554985,21261
2.260919454118208,21262
1.624929766892375,21263
48.09353453991347,21264
32.17306330846927,21265
9.435317085772803,21266
5.69507839725227,21267
35.361430682663006,21268
12.705158204972927,21269
5.424136007882731,21270
2.030827049029231,21271
1.4676164217625836,21272
3.2824858067058953,21273
3.8372064333269553,21274
10.108185239297311,21275
23.481502594363427,21276
31.13209678510978,21277
30.85477719363908,21278
7.8944547456162955,21279
3.3735624640870734,21280
30.427265462691892,21281
11.24044698883798,21282
5.264901550860688,21283
30.64045827875014,21284
10.457680288637393,21285
4.93437324077047,21286
58.52735780153024,21287
31.758583599068896,21288
8.07638241047746,21289
3.8998029858827032,21290
9.438384433259289,21291
9.818575353193308,21292
7.4044183283974485,21293
152.2801387898605,21294
91.10604819429922,21295
69.85101540549833,21296
33.42560853845259,21297
164.94917956378978,21298
85.33869272458475,21299
73.08709412915367,21300
34.4635732307441,21301
28.999352145252207,21302
32.58765600512457,21303
8.874602230305534,21304
4.491819010861931,21305
31.861573773506244,21306
9.36540057403082,21307
4.403534555697255,21308
31.011004218288733,21309
7.1969642424879785,21310
2.991819337219299,21311
32.253821499188355,21312
8.596451114387337,21313
3.9430655456160513,21314
1.5352424610523197,21315
3.5087499980872052,21316
2.198819774367157,21317
4.447179564528263,21318
2.085164657585423,21319
4.195023564249614,21320
3.7938407504232257,21321
37.75992305241241,21322
9.409782764045628,21323
4.177784619851726,21324
37.0547656665956,21325
9.1252650378272,21326
3.893498918067135,21327
4.512932963687422,21328
2.4541760234923493,21329
2.531459642571278,21330
54.93454832236617,21331
5.667902514365333,21332
29.319743052079325,21333
2.7893611788879746,21334
2.5007481166675674,21335
30.178413901906797,21336
4.587926060343515,21337
5.815853614467724,21338
3.9955899101999837,21339
3.895874002472005,21340
3.5559012157791714,21341
5.285293484352685,21342
4.254266137818922,21343
4.3816292282742095,21344
32.023313715346646,21345
8.309109674557204,21346
2.991940378995842,21347
31.70903628438162,21348
7.427552960020487,21349
2.8346956084706845,21350
37.10361753744342,21351
8.06922594061746,21352
3.7123836108805595,21353
31.760857789760177,21354
7.436116540579559,21355
2.835516540905781,21356
31.437045631506592,21357
7.869731143594943,21358
2.7624523556906118,21359
36.73042517341616,21360
8.085361829198165,21361
3.4738497836009192,21362
36.273585981293515,21363
7.997248962783973,21364
3.0947453403808325,21365
31.723179666685358,21366
7.992921381571546,21367
3.6107396893412624,21368
20.374176305748314,21369
8.0780266961424,21370
3.816604513085359,21371
20.374176305748314,21372
8.0780266961424,21373
3.816604513085359,21374
17.274309988961235,21375
7.549127261169177,21376
3.6149013175247124,21377
1.382929122292015,21378
1.6289650681221313,21379
1.5348399588871682,21380
1.6036534141757741,21381
4.371282167006071,21382
25.8707033101332,21383
7.986925227672564,21384
3.819514092574403,21385
26.510736298317763,21386
7.97894241939699,21387
3.882789793449861,21388
23.425735422781948,21389
62.24085188666611,21390
25.239815549713718,21391
36.344006417562795,21392
4.282510103595895,21393
4.985913391693612,21394
29.38597748955949,21395
34.347678027415206,21396
11.100278856932327,21397
6.831154108039277,21398
32.78970821829923,21399
10.297791311642687,21400
5.126427456413765,21401
3.9289822210953083,21402
1.5258834382683737,21403
19.618084419520795,21404
7.70541371550363,21405
7.361385082724629,21406
7.934658911555998,21407
14.670245440191314,21408
2.6795126712015405,21409
4.926122301949432,21410
5.803803526939618,21411
3.979414040505477,21412
3.229384419333282,21413
11.224392369591378,21414
2.7018179515049354,21415
59.63987034586855,21416
20.188423860941587,21417
2.6650013035306346,21418
8.654594493335003,21419
11.005311020900407,21420
21.72766480556042,21421
31.125666913885873,21422
8.989039442383412,21423
2.836733283692138,21424
11.266870852432417,21425
31.132942541297776,21426
9.30382377261517,21427
4.285023092060134,21428
31.29233146943918,21429
9.755973389417253,21430
4.431209157480606,21431
6.302835125399568,21432
34.45713643491313,21433
9.765000613945672,21434
5.595586792600645,21435
35.962173206876294,21436
9.698749926226087,21437
5.0625615473959,21438
49.42812503361168,21439
161.93470412122187,21440
101.0550095696857,21441
77.83352840176435,21442
31.613503351705823,21443
24.752060317407754,21444
10.700801654759108,21445
41.375411182707325,21446
10.01267218131395,21447
4.32913864981247,21448
4.923625231053181,21449
45.39292886495637,21450
3.057862357210241,21451
13.23226384623996,21452
19.616520000265623,21453
33.27077150771136,21454
9.19360718447613,21455
8.123561066375357,21456
4.10875225766349,21457
12.086951188689712,21458
15.388389344740316,21459
15.313473584881535,21460
35.59519279047957,21461
29.354700966162362,21462
4.627589584384624,21463
36.00951933784624,21464
11.890877059165815,21465
5.89600360236508,21466
33.25390256867527,21467
4.842588478176757,21468
4.970763963273354,21469
33.98125586636217,21470
30.864541773626236,21471
1.5848846317100522,21472
13.728041366451071,21473
39.17555671331186,21474
24.578854815120447,21475
14.177481850538882,21476
5.187126292776015,21477
7.927447601748862,21478
2.660438775179285,21479
29.224175828846484,21480
5.15970959470289,21481
4.40688019482376,21482
6.5939077991618715,21483
10.333945173015524,21484
8.729494270864926,21485
8.100447079402047,21486
88.38246266297195,21487
44.84578518500096,21488
65.92893616764276,21489
40.95860319207729,21490
37.225631124608746,21491
17.735693015975386,21492
31.059160864365918,21493
8.143387194274696,21494
3.8597357559040235,21495
13.75589354715663,21496
10.391443083044617,21497
12.096806676192953,21498
7.953873065708267,21499
5.802333046954296,21500
31.71880037792707,21501
8.00420929854838,21502
3.463914902321297,21503
8.708178431397297,21504
35.052392755478756,21505
8.81345277698546,21506
3.8719719305425264,21507
32.20650125312176,21508
8.119824670671548,21509
2.973790567903543,21510
31.870780721275878,21511
8.14076409752185,21512
3.540604660642216,21513
32.15703079940059,21514
7.961464070286741,21515
3.5641592997606666,21516
4.177730049745441,21517
4.927050856368883,21518
4.177730049745441,21519
31.520292024153033,21520
7.279976173354819,21521
2.797149602497253,21522
31.476585764673583,21523
7.2309756983980735,21524
2.7636764203621333,21525
4.579398415764018,21526
4.579398415764018,21527
6.649445377583421,21528
6.138969936805761,21529
9.763943188727456,21530
106.77232200100784,21531
63.468383000438806,21532
3.947264478156724,21533
3.32904342787366,21534
35.562875738130856,21535
10.365017772476225,21536
6.7320028983921105,21537
26.21212117831368,21538
6.205679138876548,21539
2.390843705972461,21540
26.080208887229325,21541
6.267294467228463,21542
2.4516489518735307,21543
26.59020407705941,21544
6.71825154614859,21545
2.3185085162412973,21546
26.726833693475022,21547
6.538072402934253,21548
2.6871807773375402,21549
18.702979557537127,21550
4.888734943412924,21551
32.76587541575488,21552
6.749850957237621,21553
2.635843252360846,21554
36.357252153102685,21555
10.081997854312192,21556
3.18022364881757,21557
6.92953639940745,21558
101.5774807360727,21559
56.151340250402015,21560
30.58213689074989,21561
8.265479962477949,21562
2.9515904608169135,21563
29.66515906406201,21564
7.972967235087294,21565
2.590460121884519,21566
31.85558050278664,21567
7.851112274845389,21568
3.610774247074902,21569
31.365882977370028,21570
7.842633141325428,21571
2.733135348109794,21572
31.047829063283228,21573
7.242689466109402,21574
2.777332878743075,21575
23.97633038281342,21576
7.916014397458139,21577
3.9404269488121373,21578
31.63312044732313,21579
8.899007682744836,21580
3.7688788894158085,21581
5.452668490730796,21582
5.6681421621941945,21583
7.154854650659968,21584
5.601592820462346,21585
16.185926177710094,21586
45.16689905234937,21587
17.169006401072686,21588
37.49660252987987,21589
54.00403671597681,21590
20.455283376772655,21591
8.23002160357282,21592
8.197248249079932,21593
2.751804846832306,21594
13.417804946089484,21595
4.233540414773759,21596
7.191240324630354,21597
28.929745291207517,21598
8.623904025102036,21599
5.467967979175235,21600
30.534935629218328,21601
7.270620461078835,21602
2.4753484164797297,21603
31.391115088958003,21604
6.882127130176817,21605
2.5992850097727067,21606
5.229017580770425,21607
28.117498538976836,21608
9.5470756019785,21609
9.555377658461182,21610
11.5876186940664,21611
37.03352495399412,21612
9.613557553587853,21613
4.884944516770673,21614
11.25321870394972,21615
8.151734628672562,21616
11.058703050442306,21617
32.58760819395672,21618
8.45660103804111,21619
3.620413882822422,21620
6.61179645543998,21621
7.9515517088697,21622
7.22083206968061,21623
4.349546698190336,21624
4.600585907567533,21625
7.049651917389024,21626
9.54753458604341,21627
9.421137701517651,21628
6.3479318694475255,21629
23.78906549799591,21630
13.206478440708725,21631
7.841266889981206,21632
14.49498461773395,21633
5.345828735665059,21634
8.933204171795445,21635
9.009567559164989,21636
17.87072026029057,21637
19.601598147501495,21638
14.844216065208744,21639
10.106930450233268,21640
11.354263378065797,21641
8.501165675665458,21642
14.629819253441237,21643
14.0256949175556,21644
32.79691231107279,21645
8.349347781267996,21646
8.034986588103733,21647
32.79691231107279,21648
8.441000793092737,21649
7.922444404570546,21650
5.769218810956458,21651
17.105107098750246,21652
69.84522617686794,21653
38.78367612385036,21654
9.514682265342936,21655
3.864536355680246,21656
4.8381330431521095,21657
3.381796731631454,21658
8.838454474630304,21659
3.808247401849117,21660
23.34351504271333,21661
5.971441537832504,21662
2.378241687509775,21663
30.461848559387796,21664
6.580034161224446,21665
2.433766819079522,21666
31.589685803060704,21667
6.870464056697272,21668
2.6443197380769896,21669
30.76752277752977,21670
6.270915534444104,21671
1.876535036945596,21672
30.753121160748176,21673
6.399410710139056,21674
2.0959370039317147,21675
30.711682742501097,21676
6.484658522326495,21677
2.0104144007361704,21678
27.53182399303813,21679
8.76852924557162,21680
12.739407223811524,21681
13.273990923793605,21682
27.43987440718018,21683
26.695369947841222,21684
18.786314292012097,21685
32.36297726077753,21686
16.993696526364147,21687
15.836311634539381,21688
9.632447233776839,21689
31.48660246227753,21690
8.828587628235738,21691
3.785321136083269,21692
4.762078304909831,21693
1.905287000944561,21694
37.4502855867428,21695
10.567186379469524,21696
5.0953366528715565,21697
7.354244614814956,21698
7.042921220803091,21699
3.276372817848854,21700
1.800698493971025,21701
21.10973090952943,21702
14.450810732273746,21703
13.28819237587991,21704
13.753480354786976,21705
8.877056418609232,21706
3.2779004126913764,21707
28.388530111106093,21708
6.811175540282264,21709
2.7362046010999053,21710
18.89940746125532,21711
31.33882083800811,21712
8.172068730167242,21713
5.969635632101118,21714
4.725632149675473,21715
4.573622196965459,21716
44.945954527603355,21717
7.33565290486251,21718
46.07381166667306,21719
15.82168430167378,21720
7.8437509444308295,21721
9.140699433095481,21722
31.08524130169266,21723
6.8862847008786074,21724
2.6373577871893366,21725
36.19177278738421,21726
8.556139420656613,21727
4.4135952032935295,21728
35.9526345935405,21729
10.598719695483977,21730
5.352140460858087,21731
31.417348297323677,21732
10.537934976815189,21733
5.474469631974014,21734
18.372146574551365,21735
2.5830275958589137,21736
4.8773222497863244,21737
5.519141175482187,21738
33.457461614557424,21739
30.89626427084817,21740
7.005743553370112,21741
2.5515216438977406,21742
32.60145856927056,21743
7.3613046910124975,21744
2.45424516198478,21745
30.834330635827122,21746
6.890504677089341,21747
2.638965046876852,21748
35.32937891384308,21749
25.88098990015464,21750
25.60035238364158,21751
27.126317473614332,21752
14.337104810037365,21753
31.596954248257266,21754
6.82295669237103,21755
2.5054551106847303,21756
6.071210125741697,21757
6.406545440421082,21758
8.166285470641819,21759
7.956439550921771,21760
5.196218571551175,21761
5.700715886414334,21762
5.384840458955851,21763
4.02186492560399,21764
36.76010584684233,21765
9.66264381780736,21766
4.790983781357519,21767
31.095214010171784,21768
6.94911393557758,21769
2.4768304570261557,21770
30.358671417178034,21771
6.420401224079594,21772
2.094478253302218,21773
30.444888167809083,21774
6.321311468063149,21775
1.8516403122667544,21776
31.862490733211516,21777
8.707286405990425,21778
4.15496286457158,21779
31.607239699848865,21780
8.902725822146532,21781
4.056823631558721,21782
36.21239990411191,21783
8.633131257979935,21784
3.6800424918155064,21785
36.49237375296883,21786
8.466720514281329,21787
3.3550091613160076,21788
7.197037560681833,21789
33.59918120763208,21790
11.899562212469116,21791
6.255774621649773,21792
32.056270178658245,21793
9.309643967364433,21794
4.692068233930588,21795
5.984154405458033,21796
4.716642483823777,21797
5.932979273916695,21798
5.932279593722632,21799
9.150603627275075,21800
42.93962555915721,21801
26.494957652898627,21802
7.660266635275978,21803
2.668144660687411,21804
31.28356017744939,21805
6.765333260081235,21806
2.525754848791825,21807
30.699076205400637,21808
6.529940370052348,21809
1.800422508334808,21810
29.93718320255428,21811
11.83948026378083,21812
82.27382108323516,21813
21.473108086972694,21814
34.08122046959486,21815
24.85100159726016,21816
13.905512077500287,21817
10.330000467196873,21818
7.045569751498786,21819
5.317748589987621,21820
5.7136767501171715,21821
5.842616309007275,21822
5.088528592376333,21823
5.364043059311624,21824
7.577422537961168,21825
7.699646866815628,21826
6.60763689172871,21827
13.97827773979194,21828
7.490069228057771,21829
6.10778592396981,21830
50.656809059987395,21831
36.08257925700395,21832
8.740762120606671,21833
3.8723084966573684,21834
23.154671032766387,21835
9.866309854338809,21836
9.712539439454801,21837
8.5370173556405,21838
8.66817460217789,21839
10.25514086059602,21840
8.152109598759429,21841
8.732243679997673,21842
9.653165892252995,21843
3.0490146422939164,21844
31.618107845091394,21845
7.664192740504104,21846
2.8063251324455827,21847
32.093546461067376,21848
7.723362207179752,21849
2.5808835361419917,21850
42.23817335963201,21851
8.254586496125087,21852
2.5526712890894476,21853
34.38743633004527,21854
7.740270915115618,21855
3.197347749898876,21856
33.73277815144083,21857
9.855105139918225,21858
2.8707162813923657,21859
32.6894959535668,21860
7.959696117258887,21861
2.551686966577895,21862
37.75071919442217,21863
9.93425051887033,21864
5.047966984970455,21865
33.33711405503391,21866
9.335966644098852,21867
3.4574601285152187,21868
37.95580293693716,21869
10.405959877911318,21870
4.996456708317022,21871
37.38982108133285,21872
41.571404968743295,21873
9.675022160895598,21874
10.106337392502816,21875
5.250383484536321,21876
5.823277845858343,21877
33.996798293403685,21878
11.423722437644928,21879
5.6870953696265785,21880
36.87108920189543,21881
10.469365451078659,21882
5.469368610142778,21883
6.711073696329536,21884
29.507904064945464,21885
8.485853761706037,21886
4.0865625177323475,21887
100.64195290316866,21888
31.587272662291987,21889
31.783952361590284,21890
18.706037286004296,21891
13.27570769301193,21892
16.534760418882858,21893
9.865874821546202,21894
31.50083716800201,21895
7.132239750331678,21896
2.383270159314887,21897
10.41344748992124,21898
6.068562980103316,21899
3.1309606414786497,21900
4.469879407573262,21901
35.61074405811222,21902
7.3109216197763915,21903
2.552915346979139,21904
33.58377680058409,21905
8.320030825523645,21906
3.241858197376245,21907
4.8580130765822975,21908
4.93405230077675,21909
4.96435736511467,21910
4.967882639269849,21911
4.099895716735762,21912
30.448871431486808,21913
6.37358482686648,21914
1.8528779882179738,21915
30.495600468808906,21916
6.206843707633287,21917
1.8331266741057355,21918
6.074387365762503,21919
9.232635720064343,21920
7.942728131164752,21921
8.04119029913651,21922
4.582251313017424,21923
9.224974923789025,21924
13.570769324363628,21925
4.138347830091644,21926
4.354150920360085,21927
4.732649871070152,21928
71.06933523243814,21929
3.651644776698524,21930
21.127504654293865,21931
31.493023681857085,21932
6.927306808592195,21933
2.732208638837759,21934
31.47743760674683,21935
7.330308785617419,21936
2.9645347540410167,21937
33.80946429178944,21938
3.039002747730133,21939
4.014374297784526,21940
34.77739568509415,21941
7.699011501122578,21942
2.5663169126033534,21943
30.84467518603752,21944
6.59872353865606,21945
1.9308219403255198,21946
18.112840288982145,21947
3.8623748174261414,21948
33.11345728977604,21949
19.22189820339104,21950
17.917754642970692,21951
35.1056453988433,21952
7.704319569128591,21953
2.6341299108184786,21954
7.594085766902344,21955
5.313711844531523,21956
4.885418746369147,21957
4.3572929207948405,21958
4.488477199526933,21959
4.398390144595806,21960
8.31769779054642,21961
11.572552761374826,21962
10.669685015026655,21963
16.335479664545733,21964
10.215206293044607,21965
19.3902967037621,21966
13.139925119341957,21967
8.283182056383799,21968
35.62946637812843,21969
33.89689409263999,21970
63.25936841471416,21971
84.70040472805229,21972
30.54509143637373,21973
7.868772388858323,21974
5.362624291629714,21975
55.55666912975334,21976
22.12918349061204,21977
20.408733069843585,21978
22.531226214007905,21979
23.966416218152062,21980
8.9763919576545,21981
42.851592566223474,21982
29.599579297531594,21983
7.635799497474448,21984
3.662188248459334,21985
31.138375951677567,21986
8.599430678370005,21987
6.172999086794835,21988
22.131314392455447,21989
28.596215197056498,21990
3.175537254632986,21991
2.8765745404497443,21992
7.0142300812319665,21993
4.731811053841399,21994
5.084745328956286,21995
26.273377207073548,21996
15.013455306186223,21997
33.12324818950026,21998
12.49895335664997,21999
12.246510377627098,22000
9.361350261093227,22001
5.037083064300823,22002
3.927157105344608,22003
4.278509300503854,22004
7.153683158349831,22005
4.980950684515318,22006
3.6776083381977083,22007
27.18175250491833,22008
6.548152762760156,22009
2.791844704705579,22010
31.348346038825852,22011
31.6737465227419,22012
34.37856915861352,22013
13.688571047022824,22014
4.052010794837841,22015
5.640321332674793,22016
30.18290388698121,22017
8.573209917114278,22018
4.335435485289333,22019
40.09099134584981,22020
9.621752563420364,22021
4.607762572848901,22022
31.811904603355895,22023
8.731836888556467,22024
4.692065586340232,22025
29.469408961849318,22026
7.107344652512335,22027
3.2933938711573743,22028
69.19325923976923,22029
2.3829286611372997,22030
2.504174669809414,22031
47.31538761578436,22032
6.279027477876751,22033
16.787043390036583,22034
27.024630428373015,22035
14.884595786096595,22036
13.815197605362306,22037
47.20768397124919,22038
29.090256505253382,22039
24.072845929991928,22040
13.957148029841804,22041
11.618375822343998,22042
10.618521578205552,22043
30.437351433802803,22044
22.676671517691613,22045
15.979096628048891,22046
13.538587781358212,22047
11.967104610495552,22048
10.592555091802902,22049
16.33239215054605,22050
13.316232442061454,22051
5.816569647140843,22052
14.241139660657751,22053
9.63528190200733,22054
8.743512207634422,22055
6.866611075549911,22056
4.869732218065685,22057
3.199099982811028,22058
14.049450533051473,22059
11.957285930848563,22060
8.938166912327741,22061
8.16830677107903,22062
6.047560977378079,22063
3.5548080997757237,22064
14.647716151317395,22065
13.797692492582602,22066
9.813549544689355,22067
8.35057405391387,22068
6.614492905532704,22069
4.040185968384659,22070
12.748455536095975,22071
8.304931476615115,22072
7.250266772002395,22073
5.667218768232196,22074
4.476819955639497,22075
3.9238791536358386,22076
15.360932916460802,22077
14.295811103359686,22078
13.07091075273627,22079
7.5845224021562965,22080
5.683502756622859,22081
5.369658317519099,22082
20.084666166515714,22083
3.2444091982597487,22084
3.1018836010559396,22085
4.976911025322194,22086
37.4481095259475,22087
10.583260279527268,22088
4.137378040820177,22089
37.45138106672196,22090
10.58504783865394,22091
4.137378040820177,22092
36.163487725548386,22093
8.467897518861083,22094
3.2134397329852282,22095
2.05295334353927,22096
28.86202501161707,22097
12.223986318129407,22098
25.087868103875838,22099
49.17611067395414,22100
19.525275376785032,22101
28.401487556628542,22102
8.846788257877591,22103
4.5949344008942035,22104
28.355960762514563,22105
8.8378331933929,22106
4.838909710809852,22107
3.974244739994782,22108
28.89570444971033,22109
6.718970321626166,22110
2.137824033828919,22111
27.586712412282825,22112
6.128229582021622,22113
2.4063606200707404,22114
4.079867379734561,22115
3.7866663561091207,22116
7.729366979112931,22117
3.372192712777618,22118
8.533539075842977,22119
32.2275576608244,22120
56.884956416394424,22121
1.4608389741011911,22122
87.79044321342083,22123
10.042011978336786,22124
2.89478254190055,22125
29.288386483844267,22126
7.1598572987179345,22127
3.700099042564655,22128
2.937313999592888,22129
2.91062087795914,22130
2.2385758735617545,22131
26.753254885705502,22132
8.020380020839745,22133
2.7269623271909356,22134
29.22806430412468,22135
10.023923038582785,22136
2.917625834668022,22137
5.303221597174913,22138
8.919108750317937,22139
5.886801980123179,22140
5.757863887682973,22141
5.0244488112163515,22142
7.974975990095125,22143
7.2945458581840015,22144
6.744120685599149,22145
7.250007257387807,22146
7.531054362662179,22147
6.481131327347375,22148
7.452147670147107,22149
5.693194489070218,22150
7.251811335151979,22151
5.777099129691799,22152
5.68281738638795,22153
4.633713518399309,22154
7.800832712437582,22155
6.027630183483936,22156
6.237655915753718,22157
4.109168686632504,22158
33.03071443567098,22159
4.2492235693423055,22160
5.166260366883423,22161
22.104613544303056,22162
1.7932862120100468,22163
87.71366003480537,22164
6.677963076406129,22165
35.78650847393228,22166
29.660360482248958,22167
23.88096305956122,22168
16.913668544688907,22169
9.788547812784817,22170
8.237647680496476,22171
6.784850984140088,22172
7.805500412244609,22173
4.251471106624276,22174
5.746798480028373,22175
5.541878698550522,22176
2.393890772664309,22177
3.2911978740220666,22178
7.0018653488468505,22179
7.047338412754633,22180
183.01534630496647,22181
130.68765028721583,22182
89.13046933842232,22183
73.0808763368294,22184
53.68550113935492,22185
8.533587275284987,22186
6.038809366178824,22187
7.4320620406063345,22188
5.858949299999206,22189
27.538594266591222,22190
7.405620657346325,22191
2.8761609299119955,22192
33.52069462698313,22193
12.341326653297752,22194
3.538913346384674,22195
33.00318700700402,22196
12.855601909782822,22197
3.3252221029934885,22198
4.061135929111195,22199
4.739474715031735,22200
32.28879600287898,22201
6.4183162171836186,22202
4.0568201650796505,22203
8.223756407518005,22204
4.893242062216796,22205
2.5075315032950667,22206
2.5406603289884564,22207
2.334230000476879,22208
19.53768836954902,22209
2.6816811859843024,22210
2.610357330902916,22211
2.3891908638726878,22212
2.2575332262662817,22213
3.9614879176481907,22214
4.4027159778814,22215
3.7297254457565314,22216
39.008475801500126,22217
11.25886302561964,22218
6.698540699747795,22219
32.490911131750295,22220
9.014416686411602,22221
2.945945410524388,22222
10.281368945753414,22223
19.314204523666152,22224
11.011392069673848,22225
14.059074277138489,22226
14.741321228103649,22227
28.202751652765933,22228
30.65126137749279,22229
35.08972277649515,22230
37.4613157873718,22231
11.642579660404316,22232
5.898862705908948,22233
5.56225967552241,22234
32.32016941987485,22235
6.6715565292329195,22236
2.2107718402312435,22237
8.312799132638997,22238
49.56967366959622,22239
85.07643601116753,22240
1.6569295944519382,22241
5.883615950274795,22242
6.234837428032857,22243
8.524987149285316,22244
5.68948576208649,22245
3.936600020300869,22246
1.5579529523887605,22247
6.773889473411417,22248
19.659669930140534,22249
2.6985918210211435,22250
68.66007283772674,22251
65.96422923140003,22252
2.4498478293842583,22253
3.310044422222626,22254
3.236204528257201,22255
3.2544096777314224,22256
30.98277953259933,22257
10.03221295011591,22258
4.157799132222916,22259
6.696858154151341,22260
3.745907124397217,22261
3.511602722603336,22262
6.857800887443947,22263
4.693405090505036,22264
5.189275955637215,22265
4.6705391745389235,22266
5.111436476443868,22267
7.609071870461892,22268
6.373986939239483,22269
7.355973363933176,22270
6.590954174718237,22271
1.388675952619095,22272
6.8699040197037355,22273
4.651100595448285,22274
26.90538576204937,22275
3.806420999869388,22276
11.501078206305525,22277
8.259418923207035,22278
6.0367294744722395,22279
4.759000506065403,22280
69.4764714893604,22281
14.372451929053128,22282
7.144546744788,22283
10.982268847309903,22284
5.7091974827132095,22285
18.418175014849265,22286
23.44687400189487,22287
16.911771065440323,22288
22.020123065789594,22289
3.2343403866153695,22290
6.918181321153372,22291
10.457585760533286,22292
11.068177511028466,22293
13.277190342581397,22294
2.5153136670252314,22295
1.817188711456596,22296
9.54551969398066,22297
8.611698895684393,22298
8.189136237011276,22299
12.028320788536472,22300
7.23078653883997,22301
23.508140927891873,22302
22.59222404830766,22303
16.492477385174453,22304
11.026920070912636,22305
8.846091624772553,22306
9.23364933928098,22307
10.37025934508801,22308
6.062240356485318,22309
5.512144979296945,22310
5.329234799902234,22311
2.2698880856222403,22312
2.2786922355383536,22313
6.094375759103641,22314
5.848936243248895,22315
9.942883211863355,22316
9.733052462180641,22317
2.7705315007821816,22318
3.6382346363797002,22319
29.449692135832482,22320
7.243852367112762,22321
3.084535250790919,22322
31.128341671860714,22323
8.51850611463026,22324
5.485746355405206,22325
4.527298217588632,22326
372.01770425007123,22327
338.3378214488852,22328
6.473713988991781,22329
4.223003701734432,22330
2.864487019192451,22331
2.7339407668622835,22332
126.44163452157143,22333
76.94634209079167,22334
63.25770546399107,22335
14.925463485135829,22336
5.080505970925153,22337
6.915011411774462,22338
27.30318110593761,22339
14.166781930842177,22340
9.940384951963232,22341
13.380737219046965,22342
11.960300006057446,22343
8.177250258589604,22344
5.351324672698602,22345
8.799054607571192,22346
4.627747987095828,22347
9.592190468868111,22348
5.297537463743152,22349
5.36142049942267,22350
6.655774247731273,22351
3.73889596144864,22352
9.009911513959954,22353
7.0620818525692215,22354
6.643534309895012,22355
2.904133733837045,22356
7.309748713839524,22357
4.810320352038031,22358
5.182212264181341,22359
5.404564368235663,22360
5.200191698430627,22361
4.864612426956911,22362
5.37633458214792,22363
6.748088281653138,22364
5.40494057962111,22365
5.530225582067604,22366
5.410555751591311,22367
6.8773533804535445,22368
6.6744133872104285,22369
6.190261441278216,22370
6.0319355687106,22371
6.0319355687106,22372
6.919059770058325,22373
5.867389055448744,22374
7.972972422204341,22375
6.777096039651188,22376
6.524613519983967,22377
4.7739938044289385,22378
4.637062810531967,22379
5.807063826801201,22380
5.600969516143168,22381
5.102929505395355,22382
5.600969516143168,22383
7.107260590922736,22384
4.10236817427971,22385
51.924117360322576,22386
21.50052551748479,22387
6.840532613136827,22388
6.353720583953347,22389
7.026449603231218,22390
7.521722144947546,22391
23.502200332611565,22392
7.572657472035143,22393
6.331974158049506,22394
5.794988092986999,22395
7.588613825196813,22396
8.397915634795844,22397
4.66289381759808,22398
6.90919307143155,22399
4.657716780268889,22400
5.667381712210599,22401
3.961097561084821,22402
5.531223414098415,22403
5.528937812175119,22404
4.566684099735596,22405
7.638764384912449,22406
5.450957671628539,22407
6.227334367233625,22408
5.303437728010955,22409
7.316214760948639,22410
5.13905236940779,22411
6.3198738932008744,22412
8.230348707902884,22413
5.202749283561171,22414
4.9096531936320185,22415
5.14728953172951,22416
5.135764340404093,22417
4.988165612341122,22418
5.386727174711558,22419
5.669515800206372,22420
6.010522583187782,22421
6.396641670184839,22422
4.227647910479481,22423
20.719831662156107,22424
12.204352168683275,22425
15.409634817002756,22426
35.98804888130816,22427
12.276182896444002,22428
4.747140008145436,22429
8.60499601826537,22430
7.976701318131833,22431
19.62577924228979,22432
32.04461548016704,22433
8.897279937427186,22434
4.056674978435124,22435
32.07678941538346,22436
8.886751568251686,22437
3.904533284502318,22438
47.55615076970872,22439
50.73607276201999,22440
59.32438848915294,22441
20.85451036459621,22442
18.391171146494635,22443
23.061382765580667,22444
20.083080951051706,22445
14.317411824885825,22446
10.267272195055432,22447
6.5187021055700045,22448
6.884822077771187,22449
2.1959453211005004,22450
29.90550865105561,22451
4.990874609878214,22452
31.710895601950675,22453
32.7170419574449,22454
11.794166067030163,22455
48.20904642566091,22456
58.62425809142124,22457
63.50466501781781,22458
6.007638550965385,22459
4.760740725758605,22460
12.955904979304664,22461
10.002061307221537,22462
9.90698918111278,22463
9.465184587061687,22464
8.682839624066219,22465
7.876433712413617,22466
10.305324767233769,22467
5.899970380965634,22468
7.105507804049117,22469
4.756902944909022,22470
7.105507804049117,22471
4.756902944909022,22472
7.047179482348982,22473
5.323578737869072,22474
4.636280716517795,22475
19.830499266607326,22476
20.37617915795176,22477
23.98355011846563,22478
18.430570631599608,22479
15.349920386149348,22480
3.006621884362466,22481
27.20059463340955,22482
17.9323759794993,22483
48.779049766056986,22484
26.070083626347,22485
22.55560017824725,22486
15.408811795515023,22487
13.138135155079446,22488
12.251049921289516,22489
11.572705404385381,22490
7.99726039319439,22491
2.0233683868439263,22492
12.488005560986672,22493
6.87932888188134,22494
7.148342148977079,22495
11.067033027440226,22496
10.047781190958352,22497
6.2442746879970334,22498
7.25636405012585,22499
6.699971888395719,22500
5.286677355656188,22501
37.588198632900514,22502
14.881802669602067,22503
17.080692087713956,22504
12.726051842997995,22505
11.107477248403363,22506
6.335415889554516,22507
20.803563503965382,22508
23.16006918709577,22509
20.378992227376084,22510
61.07318835472769,22511
5.974244686253862,22512
4.856355723027774,22513
6.2707433117149485,22514
6.781052057537565,22515
2.6010496892172674,22516
17.141998497950848,22517
11.95706969398185,22518
5.995650006975312,22519
3.852356948714569,22520
6.13401457416648,22521
6.692461188401947,22522
24.32305983842142,22523
25.11545191350159,22524
13.653973275439105,22525
10.265024205425433,22526
8.621904757672564,22527
20.86351203953019,22528
60.06112390789771,22529
35.0357284955183,22530
15.285776163898161,22531
10.102600281875054,22532
3.885518669391181,22533
6.307892393376778,22534
33.650073079434925,22535
8.6088235939347,22536
3.566046662729518,22537
11.0922495040264,22538
9.024586114180245,22539
6.947853662646278,22540
11.796656858851806,22541
12.296115749432111,22542
3.780147667750808,22543
3.8518017519642593,22544
3.0715389186350155,22545
3.3313478795312994,22546
2.2370274830550936,22547
2.773717261857258,22548
2.870283146174354,22549
2.0586512284996785,22550
2.1320353237486507,22551
29.7919953573012,22552
8.332392723233928,22553
4.3241019816706405,22554
17.330018034771896,22555
4.000605732878773,22556
31.936809354135423,22557
270.35073105246056,22558
177.87856646395213,22559
163.49427889002752,22560
176.14686058399448,22561
113.63722778187869,22562
262.0337081553518,22563
146.70947314882068,22564
100.35542339709534,22565
106.02984271651678,22566
73.92852388484299,22567
24.518740356002432,22568
24.518740356002432,22569
28.41657450910814,22570
287.6752026260417,22571
292.04594747640715,22572
242.46875833677973,22573
196.52552334270456,22574
138.44873362685018,22575
208.9738033869593,22576
239.0027923459497,22577
178.43361335850454,22578
179.47322876948277,22579
126.30185345570781,22580
278.0630056256731,22581
268.8012001867145,22582
221.54555804021524,22583
200.31695901619042,22584
136.22662079175723,22585
29.261428009835743,22586
12.762483555751299,22587
25.584810046207423,22588
27.77181321873009,22589
28.366926846565427,22590
30.950356418251406,22591
25.99683798573454,22592
32.83966749197505,22593
9.411397841278625,22594
31.273480934794758,22595
57.837887490668564,22596
285.91291494655525,22597
216.3000002001149,22598
8.290518979441996,22599
8.05756512087315,22600
9.286629009283402,22601
10.299138852865193,22602
74.54063534931319,22603
51.13515841028754,22604
13.589535394698014,22605
12.174365810658113,22606
6.253170595165341,22607
8.997710503553801,22608
4.6878776285376205,22609
7.278007700257767,22610
7.410111056380433,22611
49.60315293927891,22612
6.164717547532584,22613
5.594823889301804,22614
35.23586918051242,22615
8.271554052061706,22616
3.8790215812447464,22617
46.884887473951544,22618
23.4177287738128,22619
28.673956498293077,22620
7.484802904889056,22621
3.1384586700492,22622
7.1162452386993245,22623
3.289158180067481,22624
16.95758175419559,22625
15.373828778399458,22626
17.87977379725725,22627
3.211013976675735,22628
3.394411118306018,22629
57.97547746200397,22630
34.263020718676174,22631
30.54503568788001,22632
23.1618832317491,22633
10.69679004339923,22634
7.047150952247084,22635
8.148393597408642,22636
5.186609389838233,22637
2.959988872169687,22638
3.3316588445046564,22639
3.5722012690151947,22640
3.467846099689975,22641
28.508609933262065,22642
6.553624221632764,22643
3.069849112358975,22644
67.5794019376846,22645
18.957457596889977,22646
31.06108116972846,22647
2.8351681269687727,22648
27.27867412961669,22649
5.9531857838375295,22650
2.4694304063610195,22651
15.721056102231085,22652
7.824666973051085,22653
8.20292800958638,22654
5.461751268090055,22655
23.57583502033952,22656
25.739716623404536,22657
23.18464327208731,22658
26.28418338794685,22659
13.701290974023864,22660
10.78028017220991,22661
9.943670093353564,22662
23.109580834084596,22663
10.694789881466443,22664
6.542879689133499,22665
5.370258768256139,22666
13.85158157640826,22667
6.4228778183547215,22668
24.23603827605724,22669
23.12990952435412,22670
21.15820679865469,22671
11.623389021940952,22672
31.36082303457424,22673
6.924278116184389,22674
8.850690385878016,22675
6.821798424497945,22676
8.018304409805614,22677
6.676454647278313,22678
11.126044402143089,22679
5.170352916928684,22680
22.555908537733433,22681
4.41092557104136,22682
4.41576407400944,22683
8.858958225080618,22684
23.3980179512366,22685
12.910602804441892,22686
6.536893767715204,22687
4.500644105002497,22688
2.793514611462105,22689
2.3224015003784464,22690
2.325568022094502,22691
2.2757831998641955,22692
20.637372649366352,22693
11.021175363673995,22694
5.291455198386655,22695
3.3616881632611917,22696
2.1899898069096855,22697
1.8863039170496643,22698
1.7579165868694213,22699
1.6699216561181318,22700
20.812011203697747,22701
11.223784677611803,22702
5.483848478507489,22703
3.5659478711316765,22704
2.39562258281724,22705
2.0628130958838335,22706
1.9309838002704385,22707
1.8369284393368153,22708
20.79748662197323,22709
11.19997300516992,22710
5.476947017241264,22711
3.5669467658123706,22712
2.4281043813931764,22713
2.1141005423774155,22714
1.9741036988420604,22715
1.8859611503627207,22716
4.74807766880998,22717
7.154550072840635,22718
6.237446934790408,22719
4.9065175480773595,22720
4.822866825470333,22721
4.661676340797321,22722
20.767114606369955,22723
11.300124220385712,22724
5.58368835960006,22725
3.6886860819850624,22726
2.3848105936009985,22727
2.2422394791320257,22728
2.0295046542020945,22729
1.9559262699857922,22730
21.0771347806564,22731
11.593789385760449,22732
5.793923226731749,22733
3.97642024503254,22734
2.7575637303565177,22735
2.3627470397143093,22736
2.294813086621105,22737
2.2019076610528416,22738
20.80640371057868,22739
11.236333251138577,22740
5.437384696050083,22741
3.5430370607547106,22742
2.4065419076720898,22743
2.061588435912251,22744
1.9336654887023892,22745
1.8422845578666858,22746
11.943943159443986,22747
28.299508216260463,22748
2.574519666758768,22749
22.60198627770409,22750
13.50280827023614,22751
6.548703871064076,22752
4.607717932838976,22753
3.3194028308363523,22754
3.012726923439112,22755
2.864776737308429,22756
2.7705995268898636,22757
21.032363786345222,22758
11.46764712150696,22759
5.7308747528181,22760
3.816983710585569,22761
2.670776722713173,22762
2.353550805962517,22763
2.211737354810606,22764
2.128275157763482,22765
21.886161840956937,22766
11.522082238913503,22767
5.389580359004979,22768
3.452381708077348,22769
2.2805000122048376,22770
1.9803337485595418,22771
1.8623319843968476,22772
1.7742921650127068,22773
23.655635491320183,22774
12.97306370549484,22775
7.348600378743985,22776
4.73038970501915,22777
3.508739827634052,22778
3.2961129779137197,22779
3.00582647495746,22780
2.9241643255838623,22781
1.1529047970526114,22782
20.970309449445693,22783
11.188853453435703,22784
5.7416804513982305,22785
3.7264463361587126,22786
2.693220577615424,22787
2.368678296367445,22788
2.12456388197979,22789
2.0742343772784313,22790
21.98460989973499,22791
12.387849389619815,22792
6.65046252543662,22793
4.699655999724401,22794
3.5884992466334142,22795
3.2748744836375523,22796
3.13179975557645,22797
3.0492487044547345,22798
21.66492822424003,22799
11.962257354769184,22800
6.150911638264486,22801
4.324025495519775,22802
3.137838634875336,22803
2.7789438447443393,22804
2.5944737604842043,22805
2.50019144300992,22806
22.63329818900811,22807
13.119988317535359,22808
7.3291332402995,22809
5.433775223417561,22810
4.3512724979484005,22811
4.252375454435369,22812
4.090401470738403,22813
3.8884158901417125,22814
21.949322094213603,22815
12.26565458607589,22816
6.64814321510826,22817
4.609811866694045,22818
3.581846662033936,22819
3.1928487468715567,22820
3.017013357257743,22821
2.9925396293198223,22822
21.916081530919502,22823
12.144214071325628,22824
6.501638302186119,22825
4.351892154635138,22826
3.2456555378819347,22827
2.912875217812615,22828
2.775983662948974,22829
2.6940453339690213,22830
21.193902686084396,22831
12.192161556580784,22832
6.3568099629224895,22833
4.441647482404615,22834
3.246417195668251,22835
2.881210213596149,22836
2.750998430299814,22837
2.693545544972998,22838
21.96857336127209,22839
12.146209109454476,22840
6.0898119990889175,22841
4.363977769104071,22842
3.272628336808556,22843
3.0518103538087726,22844
2.8522280207962254,22845
2.8240299643561575,22846
21.18611509436816,22847
11.609414746173437,22848
5.869772207910301,22849
3.966902157136259,22850
2.809599583064201,22851
2.4918742849072646,22852
2.354892026901673,22853
2.2668384640530577,22854
21.013787658401174,22855
11.329316675697628,22856
5.70830979968938,22857
3.809861712974996,22858
2.6804426505793435,22859
2.364083610112863,22860
2.206637769753855,22861
2.1170225453190192,22862
21.013787658401174,22863
11.329316675697628,22864
5.70830979968938,22865
3.809861712974996,22866
2.6804426505793435,22867
2.364083610112863,22868
2.206637769753855,22869
2.1170225453190192,22870
20.592442762572688,22871
11.057921252200629,22872
5.313043953013222,22873
3.425547218044771,22874
2.2701984200752925,22875
1.937345978244333,22876
1.8052364445162565,22877
1.7315823371072812,22878
20.592442762572688,22879
11.057921252200629,22880
5.313043953013222,22881
3.425547218044771,22882
2.2701984200752925,22883
1.937345978244333,22884
1.8052364445162565,22885
1.7315823371072812,22886
22.188780615740104,22887
13.082411938359611,22888
6.961902578118412,22889
5.139352369358214,22890
4.395203296280846,22891
3.869607482668427,22892
3.6802963519442717,22893
3.59694835920332,22894
21.529856251836115,22895
12.104571324391674,22896
7.407815258532652,22897
4.799646779129808,22898
3.679388256463239,22899
3.3291181701679395,22900
3.183314661192173,22901
3.158646519609155,22902
21.969275351941814,22903
12.112526964101377,22904
6.268462255056223,22905
4.46419249604859,22906
3.3436831877172626,22907
2.9956969689786743,22908
2.8366474052105786,22909
2.7633785704891958,22910
29.89462645375451,22911
19.181105069626867,22912
16.575213611085676,22913
11.00881881654889,22914
9.526194022692287,22915
8.204784490848606,22916
7.747340235673608,22917
8.024867886414599,22918
22.209492473233485,22919
12.630231761571011,22920
6.201368584229735,22921
4.43572884887405,22922
3.2178290286286226,22923
3.072451407334978,22924
2.95353839352481,22925
2.8733971276669696,22926
21.553927209874367,22927
11.872595814776153,22928
7.7822349987143244,22929
4.110677768638464,22930
2.7193774605763372,22931
2.5033662374152175,22932
2.7825676581431473,22933
2.5954676835192956,22934
49.194659569577354,22935
36.357048507950246,22936
26.134301324601264,22937
25.349130217581216,22938
35.994227542521855,22939
21.777557554487366,22940
12.350192776351141,22941
6.179761496847361,22942
4.189071702652896,22943
2.944497977842732,22944
2.643177928133304,22945
2.5347036221933466,22946
2.5011966735693663,22947
20.906873393769093,22948
11.09866563931086,22949
5.4110335634812925,22950
3.4603191002249334,22951
2.3529344977969675,22952
2.045749752550022,22953
1.9152734806343086,22954
1.9312082737312521,22955
21.0935371687202,22956
11.419503585214715,22957
5.682236708514236,22958
3.6020652882421245,22959
2.4959010512301623,22960
2.2237310097407157,22961
2.249751600087177,22962
2.22129318322276,22963
20.264863816066406,22964
11.159920953471293,22965
5.436907959634042,22966
3.4108715090056734,22967
2.2247227928909963,22968
2.080934061956557,22969
1.8453996152512595,22970
1.715511350249106,22971
21.14963990156198,22972
12.351241497125804,22973
6.596717253414718,22974
4.642013994623373,22975
3.5131072422708747,22976
3.0809865165417905,22977
2.916861890044092,22978
2.858365376196024,22979
21.722387392971292,22980
12.15758233429353,22981
6.418122772346546,22982
4.506956968569153,22983
3.3578364106186647,22984
3.043526453471633,22985
2.8965355428302537,22986
2.8154767615577385,22987
20.91757175517519,22988
11.462400931271539,22989
5.8265179719488,22990
3.9422661182143104,22991
2.660261231382691,22992
2.3537304383717608,22993
2.2367040390611397,22994
2.1659426982838568,22995
21.00925861574767,22996
11.802477969017612,22997
6.330040641690285,22998
4.361124289207513,22999
3.314761071421852,23000
2.981203650449778,23001
2.843594988635643,23002
2.782284774762522,23003
21.19781020051022,23004
11.84838610258443,23005
5.96910214886527,23006
4.225304274062863,23007
3.2371323209310376,23008
2.793972518314183,23009
2.590789807526991,23010
2.4345676993015366,23011
21.6551550171964,23012
12.109369879732466,23013
6.33357926584672,23014
4.57519218805375,23015
3.3599226852891513,23016
2.9347065947250646,23017
2.756218254445597,23018
2.7144889579436593,23019
20.685484466709383,23020
11.150143713181434,23021
5.373636031542548,23022
3.491362028382228,23023
2.3293917312191676,23024
1.9943458424621834,23025
1.838196468400988,23026
1.7705019296638245,23027
21.918161670899426,23028
12.301680265898241,23029
6.562495666463442,23030
4.63011811995186,23031
3.48793696500325,23032
3.2219896825872567,23033
3.0780547790092663,23034
2.98877157872692,23035
23.053194642020017,23036
13.039086328347846,23037
7.515919787283404,23038
4.658792894485819,23039
3.5578044116335565,23040
3.213254564368623,23041
2.971287839287058,23042
2.972746364027349,23043
6.008570429649053,23044
3.71370682331102,23045
3.0254601106962538,23046
20.905734916677172,23047
11.17733722814973,23048
5.446712179809869,23049
3.5725663326057444,23050
2.3860244115698936,23051
2.1243850311564696,23052
1.9509607475348483,23053
1.9618325184074674,23054
21.18142294184497,23055
11.762577023496355,23056
6.054286753434567,23057
4.001080587087975,23058
2.8224347208215024,23059
2.4719121183536656,23060
2.4356387349472572,23061
2.331014385999614,23062
22.387340934454517,23063
13.739384493109903,23064
6.806643557487064,23065
4.197758509685185,23066
3.268821131908904,23067
3.15566492997787,23068
3.16767645353467,23069
2.998980908038016,23070
74.54629364215597,23071
24.95928809650136,23072
22.540226977970367,23073
18.478631028773073,23074
16.789691422177647,23075
21.0183952998741,23076
11.392061804253352,23077
5.857211886590333,23078
3.9730637433653393,23079
2.7011294269181145,23080
2.219060221594564,23081
2.175577770469891,23082
2.110770498024996,23083
3.448060529787636,23084
2.3352598337905968,23085
2.1346085120059897,23086
2.07599591775506,23087
29.55652048422323,23088
17.79684629447947,23089
10.214840944997693,23090
9.741452474821626,23091
7.911671820607568,23092
7.420975325132837,23093
7.161196392692052,23094
7.069682687260279,23095
20.997938460315563,23096
11.092567649823534,23097
5.2996205864096355,23098
3.657450723361246,23099
2.4526775168940693,23100
2.128485676946138,23101
1.9343007067985023,23102
1.9602595299503707,23103
21.870776160093016,23104
12.165615380139657,23105
6.496402325831788,23106
4.541283793272578,23107
3.485481487381269,23108
3.091467505551974,23109
2.9386338661783,23110
2.9034918935858727,23111
21.60272509073473,23112
12.446116900952637,23113
6.414309354536502,23114
4.453415944786355,23115
3.279656773814562,23116
2.9125447636626847,23117
2.894316987937317,23118
2.8607840282219357,23119
22.430031366070104,23120
13.166044125198558,23121
6.558251153398181,23122
4.6826111057969975,23123
3.465890153133044,23124
3.1446360239310587,23125
3.066936522549639,23126
2.8553656882993597,23127
28.461957530714088,23128
19.626128902429933,23129
11.326321578256875,23130
9.46155171661939,23131
8.275634170527715,23132
8.177778886834677,23133
8.038841252176029,23134
8.14564130662278,23135
21.931461294771317,23136
11.871740768960377,23137
6.413854101883405,23138
4.414307150548413,23139
2.9536504524871576,23140
2.646696266605889,23141
2.477541173734638,23142
2.375264922487551,23143
22.929616500990058,23144
12.493025754886862,23145
6.376077389364586,23146
4.617807849319213,23147
3.0234104920486793,23148
2.7052177099735744,23149
2.3658654903105534,23150
2.4196437608329013,23151
28.052761377747007,23152
19.16786059347184,23153
12.967721121905443,23154
10.727179080765454,23155
8.635190211877344,23156
9.617656043391825,23157
10.003674163982451,23158
9.171307496532682,23159
26.888009567886744,23160
14.763669678810528,23161
8.780676913883369,23162
7.886528136846605,23163
6.292662643413898,23164
6.04459350496748,23165
5.847762575057414,23166
5.518143627029831,23167
25.368763851457913,23168
16.328203201160388,23169
9.171673956409967,23170
6.978042166309939,23171
6.10133403224893,23172
5.605715549936504,23173
5.383478330312563,23174
5.234950137193017,23175
30.88782610783036,23176
16.601170572097907,23177
11.190314042406358,23178
10.902055057751026,23179
6.1703314369374995,23180
239.24347305671222,23181
57.368426843123245,23182
39.596444497323716,23183
35.192715271785666,23184
31.264980647017772,23185
132.53978192186847,23186
55.28746336158784,23187
18.12187918338113,23188
17.24845416522074,23189
15.053485001719945,23190
13.927036444224811,23191
2.959461881049807,23192
1.9134142958606384,23193
12.371100989519492,23194
11.71242829594818,23195
4.436210678810959,23196
28.192841613278297,23197
31.21879865783988,23198
10.364969204621369,23199
4.909114631182893,23200
3.54124945750819,23201
11.601910914697005,23202
31.499814526012937,23203
3.976865082373141,23204
6.845481799457608,23205
5.974632547819579,23206
6.900293799778123,23207
4.93982787254976,23208
13.601681225781759,23209
6.889845179437865,23210
5.923871772729759,23211
5.30096544716939,23212
8.685620556963523,23213
5.221137270995732,23214
6.3897314363122915,23215
8.31194709494565,23216
6.210362624485535,23217
5.008232822008055,23218
8.02524080484348,23219
9.797735122603335,23220
6.608537438646166,23221
8.713346282063053,23222
6.615672572192008,23223
6.846128225077508,23224
8.270083844512873,23225
9.051553521613542,23226
8.270083844512873,23227
9.051553521613542,23228
5.479634466649247,23229
29.71026519875503,23230
34.39436196186573,23231
26.419500614771316,23232
15.094622842504078,23233
12.237327422384292,23234
10.73783086156437,23235
10.106239143246283,23236
8.296056407466667,23237
30.402896019548855,23238
1.9874790719713011,23239
4.484793090536527,23240
7.610569275892425,23241
7.907878954345452,23242
34.782108647703595,23243
90.05841433444124,23244
49.505795119827326,23245
27.594650017777713,23246
33.10534921849091,23247
52.5666114989802,23248
33.59664121776246,23249
13.3751431383864,23250
23.09954646969493,23251
38.89903770981632,23252
11.7423880511594,23253
49.317213739134175,23254
4.317289205161793,23255
5.047220433037225,23256
33.165164184333484,23257
33.165164184333484,23258
30.438241574316656,23259
1.8587500637487357,23260
1.8536759864589907,23261
1.4424282385893419,23262
1.6525948034279936,23263
21.12359336080245,23264
33.13701155427354,23265
31.176825740419545,23266
23.93033872620079,23267
13.501739928677132,23268
12.853430625446997,23269
9.226929752047022,23270
9.061301832213418,23271
7.647327930647817,23272
26.08072107156701,23273
32.510090671886076,23274
20.90288555142021,23275
10.245170960776445,23276
11.324687149370744,23277
9.494463492514571,23278
8.84319189432264,23279
7.731603346972054,23280
7.052534709832624,23281
76.84210997318215,23282
31.462561799119257,23283
1.9369861711435659,23284
1.7995781557284902,23285
7.598838378767056,23286
19.854326312938404,23287
21.63757157520056,23288
3.7754929079355626,23289
4.04383073567121,23290
13.176771601577714,23291
9.148404239161215,23292
32.44249689852291,23293
32.33909466430754,23294
10.652231959984745,23295
4.128386947913575,23296
56.291404660929466,23297
7.2311300088266925,23298
13.952107238903665,23299
4.576427107300216,23300
6.654323256026058,23301
1.7213839027665707,23302
1.6376867019223011,23303
6.696600250894541,23304
1.6340608541306139,23305
6.567280976390855,23306
7.560523080737177,23307
2.2088707889260673,23308
5.112225274333871,23309
8.219060677443768,23310
5.954523334205326,23311
6.181094093338424,23312
7.0793850646314995,23313
5.893880884140916,23314
5.6236045295693,23315
7.640685410744229,23316
30.147243921708185,23317
8.929136013074098,23318
4.114365767502846,23319
133.92294373824546,23320
26.370856665268054,23321
3.6339790922524178,23322
6.327857286085903,23323
11.390722178575633,23324
2.5907121067069276,23325
31.431328644968513,23326
27.6595624053054,23327
23.77085504316404,23328
17.000545746924914,23329
12.828783334190007,23330
9.179153117453312,23331
10.046110853291106,23332
8.30947798940802,23333
29.578038280629794,23334
10.900832456466903,23335
3.7609086180788793,23336
3.463154188085232,23337
4.489318143047963,23338
4.103268287071245,23339
4.300284106779913,23340
13.768320969024527,23341
1.7751123691202026,23342
1.7099178985293517,23343
43.50643886414364,23344
19.673596705886144,23345
9.694519013121951,23346
16.007962417503776,23347
18.164180973158018,23348
11.026404386492139,23349
9.382098755911658,23350
7.308423227216611,23351
2.5813129698256128,23352
27.97877929741271,23353
7.423301031806722,23354
2.2756687177500305,23355
10.096899955377665,23356
9.553538785809344,23357
9.046038347152903,23358
17.7334050509165,23359
26.843605810286267,23360
16.59249245942288,23361
50.8196421518899,23362
35.15270663595741,23363
39.27036101763075,23364
27.035492626849162,23365
31.932962796506466,23366
21.37772946258033,23367
34.91527323142826,23368
25.114271196591684,23369
30.489145074309214,23370
48.923530409169096,23371
22.267920829392896,23372
33.089848783626024,23373
9.865225993639937,23374
4.688091461195081,23375
32.888219501586846,23376
9.833064995513602,23377
4.753793469405179,23378
10.532088216546951,23379
10.643404857705434,23380
28.191172893284172,23381
26.942041660094777,23382
15.652300617485704,23383
6.566403927809964,23384
5.130368927666007,23385
7.849965479049744,23386
2.875858734889617,23387
16.079721465498704,23388
37.793773282283915,23389
31.059655845370127,23390
17.681543789644248,23391
6.409949860163114,23392
7.616281219565863,23393
16.695640613449182,23394
6.152175494580667,23395
16.423045502760996,23396
6.116029963361626,23397
16.2363438909188,23398
5.626142918166342,23399
18.881700382332042,23400
7.554082383021615,23401
15.569127501323987,23402
5.563585229031974,23403
19.45336639750709,23404
8.323068492698887,23405
19.13567888605091,23406
8.091762004662653,23407
13.36672347223868,23408
5.3804389301501745,23409
12.397848911575826,23410
5.58188026799659,23411
16.494540250360934,23412
6.117133198323903,23413
14.897190444978685,23414
5.846574557332595,23415
81.28582935710142,23416
30.404123721106295,23417
22.809828590084226,23418
4.508246827087102,23419
5.085236573805276,23420
7.663759144098454,23421
7.416358294305028,23422
31.219567730405906,23423
39.73937197225352,23424
4.531077261942493,23425
4.810932353625894,23426
26.781537043060194,23427
34.375344986799774,23428
42.94680379009061,23429
22.65305087054132,23430
36.440470669797214,23431
78.31442480591747,23432
60.51654367852254,23433
45.89854040285546,23434
39.91188107776172,23435
24.407670761848923,23436
13.92767467913406,23437
5.307415472188693,23438
3.562795848911782,23439
6.685429369791623,23440
26.887802238835345,23441
25.398939193104,23442
5.118509445941169,23443
5.632638299593837,23444
6.422039799766489,23445
4.041724249058253,23446
4.64187697828151,23447
23.83702341508824,23448
27.883880638711158,23449
19.72132313717507,23450
17.64376760086119,23451
11.443428145765505,23452
8.061975345822535,23453
28.70920600102242,23454
18.414030602633783,23455
22.36824961318237,23456
11.584247949184602,23457
7.895091389245743,23458
5.989512135818611,23459
67.80745643283886,23460
15.406640841142103,23461
4.3109969999098885,23462
30.356592477676454,23463
6.84844066638498,23464
3.3331731023051208,23465
4.382604751710386,23466
4.905685377484619,23467
29.7955787704549,23468
10.888011207508468,23469
42.39202007400926,23470
21.12505768339559,23471
12.682683790969856,23472
5.599578079928198,23473
14.9395446400666,23474
34.331236994681554,23475
50.29528056946375,23476
15.221564370609341,23477
23.86812922562866,23478
3.6962181986129057,23479
31.038338106233947,23480
9.031886817928187,23481
3.7643771240858026,23482
8.084435398133943,23483
7.544466651342542,23484
7.686904414668846,23485
30.260404764331508,23486
11.416304744804831,23487
5.685861176402723,23488
6.904591039989949,23489
6.904454921882746,23490
5.873725639356222,23491
6.234941131141308,23492
9.851979193730847,23493
7.351009963777138,23494
18.06138877765583,23495
6.987969380265917,23496
15.414256881889523,23497
10.961831004018602,23498
18.417117385880218,23499
38.32304573558315,23500
46.65065490322181,23501
50.29270429640272,23502
46.65065490322181,23503
20.04564767311049,23504
8.56067646325958,23505
6.440484670508529,23506
6.679705686579575,23507
6.440484670508529,23508
6.679705686579575,23509
7.646519028469981,23510
7.872511681764906,23511
8.237630050534314,23512
4.941036589535091,23513
5.467143614236178,23514
4.967057013224745,23515
5.848574245830156,23516
4.516758347764776,23517
5.70681647927775,23518
4.616360216025414,23519
5.596097935384208,23520
3.0523966551773563,23521
2.4432693770035425,23522
33.6216613796122,23523
34.714886857464286,23524
29.83403895328705,23525
33.748211607000705,23526
24.248566259772293,23527
16.106516607784815,23528
22.540037173716186,23529
22.85476869801634,23530
26.264060590162053,23531
18.986213081352066,23532
15.754362306389044,23533
13.11458120875609,23534
8.654916206181962,23535
6.4812570488077625,23536
19.922414698559617,23537
14.920164495222755,23538
11.952395123330064,23539
8.694614988283277,23540
7.534407124587808,23541
7.043279330166927,23542
19.922414698559617,23543
14.920164495222755,23544
11.952395123330064,23545
8.694614988283277,23546
7.534407124587808,23547
7.043279330166927,23548
20.600503734924086,23549
14.123876470086467,23550
11.813597019622334,23551
9.67423232149082,23552
6.882119401255742,23553
5.702557037741333,23554
20.725657690595398,23555
14.408517134155495,23556
13.426543693262198,23557
9.515394248488873,23558
6.472038249338053,23559
5.169248719202941,23560
20.553210597019152,23561
14.235002154803361,23562
11.766463214488928,23563
9.233221414043012,23564
6.434397026048684,23565
5.472083826089811,23566
20.843446312773903,23567
14.374638667102507,23568
13.56427061829888,23569
10.404951236841708,23570
7.013179430065832,23571
5.229804656075052,23572
26.70974081751657,23573
14.590451262011188,23574
13.269371109411248,23575
9.704432344491792,23576
5.7590276505277265,23577
3.9547323451648446,23578
20.843446312773903,23579
14.374638667102507,23580
13.56427061829888,23581
10.404951236841708,23582
7.013179430065832,23583
5.229804656075052,23584
4.0268978546005,23585
23.513607412323488,23586
15.46594972536492,23587
14.81402660019934,23588
10.903305749563508,23589
7.9316376532566855,23590
7.163417675068363,23591
5.4950569264918485,23592
23.924693289771028,23593
12.977092905828412,23594
9.829471745961131,23595
7.423708998461827,23596
5.7458585780464295,23597
4.025823427960662,23598
4.337307996800449,23599
29.124171122619995,23600
15.069142750242836,23601
12.711726167526447,23602
10.808832290061252,23603
7.93446156630644,23604
5.365191829306453,23605
6.030198818088904,23606
18.310561298421053,23607
13.482901134520864,23608
9.916280785499051,23609
8.225861154470403,23610
6.776255704375499,23611
6.586964355440322,23612
4.320203091636645,23613
7.259624404806223,23614
8.783881898242104,23615
45.4454473302676,23616
45.442968208526274,23617
43.756685633780386,23618
23.494383886329523,23619
29.681130133763112,23620
27.335072219297995,23621
47.642291634112205,23622
33.09288253524631,23623
5.647940866942003,23624
7.622894263396164,23625
8.69979216165053,23626
9.511243139620838,23627
3.530137430257959,23628
32.391136801519416,23629
15.602410673870844,23630
9.452012993013422,23631
8.335385400269935,23632
5.27535870064409,23633
4.082088920499396,23634
4.457857335499071,23635
4.232036019774994,23636
32.34293827629378,23637
15.608215008679482,23638
9.60517661888532,23639
8.33641538581476,23640
5.2803199868315644,23641
4.106755886839143,23642
4.398845982784305,23643
4.166935688789493,23644
26.113668358408454,23645
13.711874100558438,23646
12.068389860299567,23647
7.575212498474661,23648
4.97140857538959,23649
3.9870875895926248,23650
3.528595338401433,23651
3.615216055431046,23652
4.848453294041609,23653
2.7511993811626576,23654
2.371217890391426,23655
7.452766419944496,23656
19.664470972496932,23657
19.700001190610905,23658
7.655708369650867,23659
2.2651404014881766,23660
2.3447841606909052,23661
1.960903274038273,23662
11.172009683111899,23663
2.347637040845849,23664
1.8382844474345206,23665
27.87090500825422,23666
99.63585450986135,23667
105.82779331192188,23668
73.00053936824267,23669
58.32776453874854,23670
75.55030620520961,23671
17.975423246762023,23672
9.251353771099978,23673
14.45239548060178,23674
5.716455846418678,23675
14.45239548060178,23676
5.716455846418678,23677
18.360203830836056,23678
6.2915563575325,23679
15.370066310652039,23680
20.609732330741462,23681
14.558187557205732,23682
14.061235625418844,23683
9.439685949254068,23684
6.9445750418647,23685
6.404659373275503,23686
6.228285758649576,23687
6.067463506310636,23688
26.59554039641215,23689
16.626112061100496,23690
12.6233535121225,23691
8.400191400224132,23692
9.144290327708795,23693
4.927111325005863,23694
4.7590565973175085,23695
4.791896242037094,23696
3.6783987869562664,23697
51.674280979925875,23698
7.584794743889786,23699
8.060079262431803,23700
23.089782909761023,23701
11.264852243426748,23702
27.965433996282595,23703
6.251237390570633,23704
2.5150280267136336,23705
31.874850824638813,23706
32.22703590575649,23707
4.9572707486937535,23708
2.3926212711240367,23709
6.243736021032462,23710
21.819709472641364,23711
14.7032902021743,23712
27.987040415434215,23713
16.024306238030526,23714
18.714917564718807,23715
12.434940846798126,23716
11.704316722638508,23717
40.76542325483474,23718
1.6087862315328296,23719
3.2741036192476196,23720
19.477146115304947,23721
16.910745991626904,23722
3.172402927562399,23723
3.1233770023971115,23724
6.0497684756274195,23725
6.174652570629611,23726
6.213196239361743,23727
6.273190150150567,23728
4.669114376163767,23729
4.594735017922506,23730
6.752659244338672,23731
65.83739440190804,23732
4.318504839360687,23733
23.80193092025594,23734
19.0175024592718,23735
11.525740143617714,23736
29.48058410479776,23737
7.207268097434469,23738
19.091496286085277,23739
12.280407864968115,23740
7.469276905042099,23741
7.002412623411295,23742
4.044448132664676,23743
3.259591120902497,23744
2.829030421019751,23745
2.7359112328736397,23746
5.655266430103634,23747
7.261563607520154,23748
5.294010276477889,23749
6.563536954643908,23750
25.212539187252712,23751
14.405638019357253,23752
12.032134859738997,23753
7.102369018931584,23754
7.045381499635487,23755
5.288148511448636,23756
4.660944204065571,23757
14.63098838618327,23758
2.5083556600892574,23759
45.43045021042173,23760
19.626925437967085,23761
17.58186502588052,23762
17.740398106203983,23763
12.810584828724902,23764
2.0029271872675913,23765
1.9500511347648115,23766
7.673492989860978,23767
6.4529588939077325,23768
6.581350663118758,23769
7.08592314374807,23770
13.124946184469964,23771
5.319959013853196,23772
4.872373470659985,23773
3.966846482016906,23774
22.49516560744841,23775
48.69075355728652,23776
46.55753329700399,23777
4.810927766018575,23778
4.458554581546009,23779
5.453605942753837,23780
6.243726164941417,23781
8.770095246456549,23782
12.377209775114798,23783
7.104128687310602,23784
3.9611849052334422,23785
7.618303992101229,23786
30.865043797573023,23787
26.803048637635076,23788
22.38273303196846,23789
12.469096802562929,23790
13.279058138409416,23791
9.114616755620686,23792
7.056994755949151,23793
7.991388247878579,23794
10.665993256712232,23795
11.494633496063702,23796
3.3157879254496914,23797
3.4853816095087984,23798
7.168340288725242,23799
16.6989435742123,23800
21.795717954273055,23801
17.371249799575054,23802
16.522324824107358,23803
12.83978015398643,23804
10.326332987786168,23805
4.954437012793842,23806
10.82524822024829,23807
13.872759781291712,23808
8.289167369338426,23809
31.308326350798055,23810
7.169125361101275,23811
13.085970882147908,23812
12.774513870519055,23813
13.085970882147908,23814
12.774513870519055,23815
15.348868369946183,23816
15.348868369946183,23817
19.974565542146433,23818
8.022889672161634,23819
14.828431891769547,23820
6.180123877222483,23821
4.174811305997168,23822
24.84203470915078,23823
26.30150644135957,23824
41.644053368079796,23825
25.75714048152386,23826
19.959147171815424,23827
36.78960642554222,23828
52.17664808185707,23829
28.784231230408658,23830
20.60059327895814,23831
17.669488867938586,23832
15.300023195980765,23833
9.32811693053775,23834
4.741378810011684,23835
6.668899330930743,23836
7.686636161413432,23837
35.78492779516666,23838
13.396305716855906,23839
5.575456035731592,23840
19.263124737307045,23841
8.960983318101793,23842
6.381144872357974,23843
14.09499194139255,23844
6.375800062140347,23845
13.81453332190565,23846
6.150293512948364,23847
71.31098148141798,23848
61.145836177828386,23849
51.20193796076519,23850
4.539237343168321,23851
2.914512824837438,23852
11.336034887530364,23853
33.85950327730479,23854
42.13339304504425,23855
33.84665995239427,23856
36.31119182410732,23857
17.274935378273554,23858
13.420244787851265,23859
6.8576587351854235,23860
24.278244782045217,23861
32.9324944115058,23862
75.72666243921617,23863
3.8785608532985574,23864
14.177517481897771,23865
8.551766152700859,23866
2.7037642120991228,23867
33.407771138832494,23868
34.52512873395399,23869
4.8375173427433715,23870
2.5244382752913896,23871
4.604924215439018,23872
162.83752637543412,23873
6.146819770264752,23874
212.6079237192937,23875
16.82227658882007,23876
12.428029535565708,23877
6.111727001448642,23878
12.974101730044964,23879
8.717926773399226,23880
79.08313728105509,23881
9.85067659578524,23882
35.04856105779018,23883
16.848741644486893,23884
12.242815772112154,23885
9.675086479876118,23886
6.876163315171555,23887
4.744942293803799,23888
3.9927768048353287,23889
26.93591825978058,23890
14.082067307867383,23891
14.045271066389699,23892
7.600410598023456,23893
5.594643422538514,23894
4.5632274722338035,23895
4.719078366632739,23896
9.975603851384149,23897
4.925348568027886,23898
26.6800742855664,23899
4.994520546376451,23900
66.85354730276431,23901
24.074881420437546,23902
24.975327289817766,23903
20.260417862450215,23904
13.32525162767868,23905
58.61592578649828,23906
27.85331289754737,23907
26.048899890679966,23908
21.745442044335856,23909
14.324449783424685,23910
77.5065279623334,23911
33.71753285763326,23912
27.740607557337693,23913
21.139427409419863,23914
16.754860049076196,23915
96.60452123574647,23916
49.14295741629402,23917
36.47400619851678,23918
29.399915125443318,23919
24.033003284395644,23920
96.60452123574647,23921
49.14295741629402,23922
36.47400619851678,23923
29.399915125443318,23924
24.033003284395644,23925
23.18204250276131,23926
14.49149044137289,23927
58.899750204345146,23928
44.34102034077832,23929
31.530578128743066,23930
58.99927449305529,23931
41.08297583821157,23932
32.17582762794315,23933
6.1276934153975615,23934
9.592253424645675,23935
4.787825118110492,23936
3.8162046184275358,23937
4.701563638479882,23938
4.716421019896148,23939
5.617994196589773,23940
3.662017047888314,23941
2.868980664835201,23942
5.311114650336,23943
6.16594926674429,23944
4.1021233092625655,23945
9.079944546746889,23946
8.081478946947955,23947
4.778216262326386,23948
73.29155673647291,23949
40.28423459848952,23950
23.604722008595978,23951
8.345368638422881,23952
30.34485584650769,23953
21.914509026555347,23954
21.111716870983127,23955
13.722788979555666,23956
7.990546825484546,23957
5.589275920076711,23958
5.742502407578758,23959
43.54575057040691,23960
6.3694214634089255,23961
5.948898845898539,23962
19.243485155715778,23963
25.60263014015023,23964
19.526662782485445,23965
6.051339320903605,23966
72.8065777575422,23967
40.45574784455156,23968
23.8662679028806,23969
5.301353103455097,23970
25.754292294853382,23971
16.79341318081681,23972
13.082114762215122,23973
11.492653747055035,23974
12.080933598088398,23975
5.295599525140532,23976
86.30260958860758,23977
32.81634190167244,23978
19.434143779901202,23979
5.843773065647487,23980
29.205193803913975,23981
17.94037071978754,23982
10.581504173588163,23983
8.874340490848594,23984
7.10109731553794,23985
6.688927300744094,23986
6.578200862213964,23987
6.3785549929135685,23988
22.819831017398794,23989
13.024547781069646,23990
7.327289315300421,23991
5.144230562204417,23992
3.755351737665709,23993
3.6893809753086404,23994
3.6180065808884825,23995
3.534806268987554,23996
22.95099574458095,23997
13.007418341765444,23998
7.299950773012835,23999
5.161024907579854,24000
3.937656259120811,24001
3.9281802614992,24002
3.536544316090573,24003
3.3022132116057796,24004
21.58258307829997,24005
12.255672527116701,24006
6.395968722496754,24007
4.2556304725565575,24008
3.069233051496192,24009
2.8371213408598916,24010
2.6424571344281556,24011
2.538355980916905,24012
28.394877201742936,24013
16.69950801788295,24014
9.474240870454537,24015
7.116002274448541,24016
5.776526380429826,24017
5.324802375274755,24018
5.159170496013252,24019
5.22054078354118,24020
28.924052482551247,24021
17.992091674364765,24022
12.72199808969516,24023
9.645785306205326,24024
8.248040346600026,24025
7.720202050517548,24026
7.423670888100151,24027
7.336374398880842,24028
28.395228746667723,24029
17.84076918927973,24030
13.184340604374665,24031
10.842150023020713,24032
9.057556091464113,24033
7.609621384528028,24034
7.3228470759352,24035
7.203148667942888,24036
29.09753964211991,24037
17.3956089280151,24038
10.94959907867954,24039
8.742849257800751,24040
7.011505569571389,24041
6.764695280676073,24042
6.488695204096873,24043
6.472078476162238,24044
29.36069399203417,24045
17.485947341967805,24046
10.550285409173735,24047
8.349912929081464,24048
6.895587205149865,24049
6.558616741224581,24050
6.425341928786512,24051
6.347397218550575,24052
19.182238810781797,24053
14.60901419959968,24054
9.842442126932653,24055
30.06433652480285,24056
16.746072461938088,24057
9.327277664888598,24058
7.15923987778801,24059
5.80430192854,24060
5.39258126297373,24061
5.097134405930463,24062
4.988456421868711,24063
23.77116985730143,24064
13.091472976206541,24065
7.67838404526997,24066
5.668435188485969,24067
4.60234669710578,24068
4.02347788259768,24069
3.8308133366295936,24070
3.5629320712193637,24071
2.2802613394151936,24072
2.0536920928235443,24073
1.9371588523023728,24074
1.9421286636742243,24075
21.613936409254944,24076
12.027402114845625,24077
6.286495537634788,24078
4.425652012549912,24079
3.2739768927274384,24080
2.9416764215105426,24081
2.7846904628967626,24082
2.7129758198170992,24083
9.935362602787857,24084
29.437850021789256,24085
17.129768747759968,24086
9.799262430672579,24087
7.506938643029543,24088
6.080617064827341,24089
5.674064126034785,24090
5.4144560383534985,24091
5.322207874889377,24092
21.685361165942417,24093
22.00089228602927,24094
12.466702145360415,24095
7.021465698356387,24096
5.3299148401253875,24097
4.088918716541874,24098
3.7101544811032916,24099
3.7504641284043605,24100
3.578429856984268,24101
30.263121206394928,24102
18.700369626917137,24103
11.70464819447459,24104
9.343622154638851,24105
7.847870452544881,24106
7.315975124747353,24107
7.070169575930077,24108
6.9605111510255275,24109
286.92892951958527,24110
91.94026436909716,24111
51.838464045739094,24112
43.278238629715574,24113
32.52956982643452,24114
24.37985434023771,24115
13.31195598407108,24116
7.483019990770843,24117
5.6479385597657075,24118
4.549783141378377,24119
4.0629585617308495,24120
4.036724006948963,24121
3.91779221795258,24122
31.985113238366683,24123
8.445774924128417,24124
3.7919229872099462,24125
25.971132026732366,24126
15.517218981620559,24127
17.9930518615129,24128
13.132972606852286,24129
7.5939758588321435,24130
6.513304634088999,24131
21.387462095841347,24132
11.820299005975924,24133
6.06820914043276,24134
4.10933946304934,24135
3.011216248433621,24136
2.7039770095209192,24137
2.5551995680396,24138
2.481722669161917,24139
22.65828772158973,24140
13.031938813408956,24141
7.433530427323193,24142
5.391425151683583,24143
4.252456795204544,24144
3.9635150687230336,24145
3.8153898477898673,24146
3.7722831685469713,24147
135.22051043250116,24148
353.7658039934062,24149
203.622697258722,24150
253.51558151397742,24151
125.7915396143744,24152
95.90573474583286,24153
235.1945301543095,24154
785.4770270763145,24155
112.96765296691581,24156
23.324433763851772,24157
14.560785437834722,24158
13.146101446003325,24159
11.412555431948332,24160
22.142128053066372,24161
12.592732331444928,24162
6.831662703040422,24163
4.926578142727198,24164
3.7785042997189464,24165
3.4348532299902823,24166
3.316506403343527,24167
3.235782858534254,24168
21.327395400578315,24169
11.82896731775549,24170
6.048054205048359,24171
4.196450661393305,24172
3.0548730341356913,24173
2.7408026749247,24174
2.6015109513227523,24175
2.5133106956883737,24176
6.499701906273977,24177
2.0178023136737995,24178
1.840958404799753,24179
6.090537435234162,24180
23.848244468614816,24181
12.260367589227002,24182
5.9950431931666355,24183
4.207209019591681,24184
2.7034989608195787,24185
2.3830718390042644,24186
2.242867243397107,24187
2.212241118570906,24188
21.016824633886472,24189
11.591173836405787,24190
5.904622189324944,24191
3.9249981586912974,24192
2.7253341737220533,24193
2.4237954629989074,24194
2.286506212414101,24195
2.230447467592072,24196
153.3799271256026,24197
48.61608257330935,24198
27.470281553739454,24199
25.52096968620198,24200
20.331546742725934,24201
24.224497391312084,24202
3.6243147432516998,24203
63.92568681053484,24204
5.472975469669957,24205
5.018608929060351,24206
5.229460373170256,24207
4.61816106818893,24208
38.33524144079866,24209
4.919789281212509,24210
8.671279255332202,24211
21.718530534411553,24212
11.93327409084391,24213
6.42641978844502,24214
4.162398979491646,24215
2.9972399866275987,24216
2.6364896777624307,24217
2.529138111895598,24218
2.3760310887199028,24219
3.8696110875866467,24220
2.1042865261432366,24221
14.322143526302442,24222
34.03098813988669,24223
24.943881372610257,24224
33.15522487433151,24225
23.454628773073185,24226
12.320410215318837,24227
8.789952604309452,24228
5.2266197713124996,24229
3.736535104896287,24230
3.4352089797355285,24231
3.015892070976695,24232
11.151920095557468,24233
2.8146421634272434,24234
4.350666469411028,24235
6.733730441017692,24236
6.726686619356581,24237
8.481514167724852,24238
8.629967211073575,24239
4.974411908905872,24240
3.23878955676981,24241
2.9621298074260864,24242
2.8233338172776237,24243
11.965150939994242,24244
10.775400846173,24245
7.541859725129207,24246
4.444237224726539,24247
4.256499927694204,24248
3.3143775491992167,24249
4.140210630001084,24250
33.980295691882056,24251
4.21829363666331,24252
5.297486323657381,24253
2.476176199163938,24254
2.266759233839753,24255
2.2281267708838595,24256
2.1262181591806906,24257
4.752543565711588,24258
10.186290451351908,24259
9.758224112033517,24260
10.01403308218514,24261
3.9792283051910076,24262
3.1595981458809477,24263
9.860422090748584,24264
16.060110465116253,24265
16.159216348053786,24266
14.738111934414523,24267
16.33205097504967,24268
18.813802306750947,24269
16.28692547203366,24270
3.136887896242997,24271
23.871759958510797,24272
15.178892753252693,24273
9.30136540537471,24274
6.59178367794233,24275
4.678888922670797,24276
4.36781365427047,24277
4.883428048759987,24278
4.926036165631121,24279
4.147913428403917,24280
4.153582555235938,24281
16.78305903472585,24282
9.24177891627316,24283
3.6588491905118863,24284
3.1795523684290123,24285
21.404717758170843,24286
11.58764347951927,24287
6.298933014588525,24288
4.228521506632229,24289
3.1476061060774008,24290
2.789375694711355,24291
2.677640680715926,24292
2.5402408500220526,24293
21.385560972640306,24294
11.611214285803376,24295
6.411756869167595,24296
4.45173778327568,24297
3.313504917143264,24298
2.982588486986454,24299
2.8895008749120046,24300
2.7824842636619147,24301
49.50198026716143,24302
3.883211411810451,24303
4.2502384629665695,24304
2.9487734393997713,24305
3.582373310733817,24306
3.2982503707275224,24307
3.5132535908248164,24308
2.850221417593741,24309
7.9101708848832795,24310
8.312318238972091,24311
6.653127604796432,24312
5.9206409468551575,24313
4.028533706243421,24314
2.4665695081298455,24315
21.541241164481285,24316
7.54520156498603,24317
9.80218197739979,24318
10.859469629053171,24319
29.1400475643508,24320
31.69877646072794,24321
26.435691832521037,24322
17.03299378458728,24323
13.575210474768317,24324
13.511290710488815,24325
13.44550832059749,24326
12.83304740566166,24327
21.587605144665144,24328
11.551909383049997,24329
5.938706520443765,24330
4.065493183059362,24331
2.9040932240142414,24332
2.612147738900213,24333
2.486135605891095,24334
2.3804100534991948,24335
21.65101519555748,24336
11.512601657632079,24337
5.935134294627256,24338
4.061076448148562,24339
2.921643580325765,24340
2.6080802402915073,24341
2.4625781535674123,24342
2.3803827313509163,24343
21.72938651245859,24344
12.330057867473718,24345
6.47645612178401,24346
4.637783353370285,24347
3.3868646003682494,24348
3.06671046984863,24349
2.982979849626421,24350
3.01452584302708,24351
20.810764804934237,24352
11.231822094498575,24353
5.633712278767756,24354
3.694994232043836,24355
2.364895241942776,24356
2.2112544578662456,24357
2.1368450616010906,24358
2.0096187456791346,24359
21.260870005993898,24360
11.811853843985812,24361
6.081090827875988,24362
4.17912047651736,24363
3.095435497752945,24364
2.733662457383495,24365
2.5489389772313964,24366
2.4586006531385856,24367
21.072882025690287,24368
11.415334468230824,24369
5.7490649743808255,24370
3.853958795799575,24371
2.743497346333901,24372
2.4015233801910014,24373
2.270736866370247,24374
2.2047712674749946,24375
20.273973815117124,24376
11.079722666795394,24377
5.591911935926071,24378
3.615682705945454,24379
2.4859874149048946,24380
2.164226901944357,24381
2.0431499200190517,24382
1.9478126319097149,24383
19.051022875456333,24384
21.896962342040634,24385
12.344061484888627,24386
6.503752751271084,24387
4.517942469325706,24388
3.3618672360005046,24389
3.1137945559318774,24390
2.9207206445206344,24391
2.7790189142804214,24392
21.892430724438867,24393
12.102768977385049,24394
6.500804225183398,24395
4.642154090919746,24396
3.354594011255965,24397
3.102039764609648,24398
2.9331726804047094,24399
2.8117926087660887,24400
21.593692417774616,24401
12.042771509023272,24402
6.354357216424714,24403
4.424578844171002,24404
3.2722963796931688,24405
2.9599876135998335,24406
2.817470008240813,24407
2.7322152367157577,24408
21.557972901271494,24409
12.067949643339306,24410
6.351125453108195,24411
4.422855400378304,24412
3.2626930549242297,24413
2.9578913981862636,24414
2.818794317449019,24415
2.7320328637654114,24416
21.201971725838145,24417
11.642367638742975,24418
5.9048199211138295,24419
3.9901477221363724,24420
2.84308969723377,24421
2.5330804225801065,24422
2.3869517098037907,24423
2.3004252553607336,24424
21.20079334306246,24425
11.726296613808612,24426
5.907096088343861,24427
3.9844206854559703,24428
2.8387119526460607,24429
2.5375225588204025,24430
2.377306845687873,24431
2.3010178983880083,24432
21.826007452325044,24433
11.917261425007386,24434
6.362898588715257,24435
3.997349368306052,24436
2.9213215388186877,24437
2.6842313365771067,24438
2.557495770738741,24439
2.551379862596164,24440
21.324280594349595,24441
11.757776671202574,24442
6.020362245278098,24443
4.105978230664029,24444
2.9602953191935173,24445
2.643184273657749,24446
2.503785220683187,24447
2.4206756538782512,24448
21.075377346198376,24449
11.591140203864281,24450
5.850113557123673,24451
3.9327268231400856,24452
2.7340713841388515,24453
2.457378248357328,24454
2.3065100957854114,24455
2.227769864975323,24456
22.030011350488856,24457
12.409541888062252,24458
6.613595618725389,24459
4.797081878341918,24460
3.6492066275793937,24461
3.2727729655686235,24462
3.113130081519132,24463
3.068419360641522,24464
21.59013204926806,24465
12.098357647899059,24466
6.230019776486591,24467
4.403555360810688,24468
3.281554443541939,24469
2.939399268673234,24470
2.7744096128572817,24471
2.703079388981317,24472
20.865321206980454,24473
11.530156044482764,24474
5.596402588152417,24475
3.6650003843228762,24476
2.5287554648288557,24477
2.2291021266838227,24478
2.0545847662915335,24479
1.980943165149614,24480
21.479248550022024,24481
11.808723203042353,24482
6.102508899623258,24483
4.25250214795708,24484
3.046519067639164,24485
2.7166752883689007,24486
2.5778719865441744,24487
2.5081012650055894,24488
11.135357432832457,24489
21.537199639829286,24490
12.161975664218282,24491
6.291702769886902,24492
4.390279609556358,24493
3.2553335408288486,24494
2.952178628355281,24495
2.7599205440128656,24496
2.694626474460052,24497
21.537199639829286,24498
12.161975664218282,24499
6.291702769886902,24500
4.390279609556358,24501
3.2553335408288486,24502
2.952178628355281,24503
2.7599205440128656,24504
2.694626474460052,24505
21.091786361913506,24506
11.511012524969187,24507
5.852426023411986,24508
3.945413150617119,24509
2.743491551915451,24510
2.4213828684583745,24511
2.2976697412382747,24512
2.2259758398840264,24513
21.167590518651703,24514
11.910502089069315,24515
5.935991807099607,24516
4.046795758754774,24517
2.882298328406614,24518
2.533707987546869,24519
2.4086377310995317,24520
2.3352262842083724,24521
20.738188843162046,24522
11.209264180645336,24523
5.485247701028164,24524
3.483024233026538,24525
2.2580349010010012,24526
1.9680898221663934,24527
1.8760717411497776,24528
1.764639908395906,24529
20.738188843162046,24530
11.209264180645336,24531
5.485247701028164,24532
3.483024233026538,24533
2.2580349010010012,24534
1.9680898221663934,24535
1.8760717411497776,24536
1.764639908395906,24537
31.085836709972472,24538
28.23000915174462,24539
29.291897324875585,24540
28.680996737702543,24541
27.496705616396916,24542
22.92981598162687,24543
18.670432142032475,24544
17.27621700256718,24545
20.6645133342716,24546
11.055180694040658,24547
5.313631102548113,24548
3.403658954019857,24549
2.2495094491829875,24550
1.9403410838735207,24551
1.7979708240643235,24552
1.7288202253112586,24553
20.584750512220158,24554
11.085382606883348,24555
5.320786699913352,24556
3.2592158873667594,24557
2.188801315947074,24558
1.9609555543188872,24559
1.7363010599332935,24560
1.6731036289283556,24561
20.56769102426289,24562
10.994331405761335,24563
5.241680585967312,24564
3.247691098038363,24565
2.1155438333723584,24566
1.8098852822041027,24567
1.646238067465939,24568
1.5584752707329428,24569
23.074990664528904,24570
13.080154807524464,24571
7.1184733870109715,24572
5.100247128265992,24573
3.970631268965506,24574
3.662674063221528,24575
3.43787551027298,24576
3.358949642694414,24577
21.449801970932555,24578
11.973875805606328,24579
6.164144443095388,24580
4.258869114691586,24581
3.121810800399504,24582
2.8211533635448918,24583
2.6462059883875027,24584
2.562278786805673,24585
21.33660905601886,24586
11.682806250806522,24587
5.95855764070113,24588
4.032452009527681,24589
2.8931044372452455,24590
2.5962913768001528,24591
2.4392128976528418,24592
2.383213912508657,24593
21.47179323671832,24594
12.151756666213391,24595
6.26588727005307,24596
4.418435345800977,24597
3.2545486464169886,24598
2.972372427947277,24599
2.7215884862204365,24600
2.672140488274261,24601
21.470413257901818,24602
12.157575889378407,24603
6.272849411125614,24604
4.4185921856883486,24605
3.2534810361375874,24606
2.972532165039236,24607
2.7216929237012093,24608
2.679919695480218,24609
7.004301952893822,24610
6.243213496808245,24611
4.836875869008371,24612
4.663389761497397,24613
3.9173431841569912,24614
20.778788473475295,24615
11.078603099389468,24616
5.3198390012685515,24617
3.405165958862512,24618
2.260973236574729,24619
1.9484410138300035,24620
1.7908571450792552,24621
1.743023136794119,24622
22.03857025338115,24623
12.088775291694207,24624
6.602875970705026,24625
4.4458950746167885,24626
3.210616555046732,24627
2.864460391080751,24628
2.6570362399122254,24629
2.612039968065388,24630
13.780386776607976,24631
21.213380073758348,24632
11.906161173540982,24633
6.031734944620478,24634
4.161584248324599,24635
2.9587658525975975,24636
2.5913153216975764,24637
2.4711768081161796,24638
2.3668138508426075,24639
21.555240463686445,24640
11.849228609107266,24641
5.950075573794632,24642
4.169522211537322,24643
2.939655719665682,24644
2.5606090583078633,24645
2.3992269800143666,24646
2.354844792445002,24647
21.358935267475562,24648
11.851992187418999,24649
6.125984304544808,24650
4.173325772226987,24651
3.0677137959639142,24652
2.7794634251361323,24653
2.6071466351700545,24654
2.528550644273316,24655
21.42792650562634,24656
11.88720595816542,24657
6.282338870042583,24658
4.185860350403916,24659
3.0491010000827377,24660
2.7166946718668945,24661
2.589274946165613,24662
2.510555379826242,24663
21.347893408942284,24664
11.823025888372714,24665
6.084860327787529,24666
4.169522007047653,24667
3.015972655600879,24668
2.679603066176769,24669
2.535610067210777,24670
2.457135257996666,24671
21.442538529829275,24672
11.847568395378826,24673
6.22816357636256,24674
4.212185946096727,24675
3.0876780828514065,24676
2.7604714229644007,24677
2.6169231582881647,24678
2.5420342381049053,24679
21.607434652623922,24680
11.901587495085717,24681
6.166944341200716,24682
4.234168900277499,24683
3.1136391929985288,24684
2.800713839317253,24685
2.63577993389566,24686
2.566944014557498,24687
21.63156939380494,24688
12.018477607179378,24689
6.280080674875854,24690
4.360278687796677,24691
3.205511441561461,24692
2.8888084843650157,24693
2.767131641660972,24694
2.6810027676692787,24695
21.33801945925558,24696
11.740055088060615,24697
5.963162091801773,24698
4.099091123577727,24699
2.898047340755053,24700
2.594495581144737,24701
2.455584265677796,24702
2.423450074715907,24703
21.011662330203563,24704
11.390039100766272,24705
5.589006060926189,24706
3.7407883664897055,24707
2.5946507407104096,24708
2.3134083871850044,24709
2.2258716040718154,24710
2.121417991185854,24711
20.665812938270303,24712
11.181012078781292,24713
5.489031407594053,24714
3.4424112869611383,24715
2.2952747781252505,24716
1.998324360625425,24717
1.8556558278373736,24718
1.7712534471388064,24719
8.838493631682242,24720
5.766642222100695,24721
10.29315607265667,24722
7.020563304906247,24723
6.527379279637777,24724
4.707291840726992,24725
2.1890332404730364,24726
3.0172948888088875,24727
1.3766044845337244,24728
19.376274585852453,24729
11.024293556808868,24730
5.857164339814605,24731
4.14818940135424,24732
2.9293064027737463,24733
2.661389296003842,24734
2.645801217009539,24735
2.5514752095405786,24736
13.356185941301764,24737
4.652355698380471,24738
30.576744708784585,24739
25.321919412647933,24740
16.106093250696283,24741
14.820591943854746,24742
12.518095775994638,24743
12.650530352079313,24744
12.12263276265205,24745
3.3734356534785284,24746
8.610044438831677,24747
21.275375431001205,24748
12.333059123780922,24749
6.8440690521554135,24750
4.659430025067967,24751
3.5222447970338853,24752
3.1225265277038985,24753
2.937610316612736,24754
2.8875903806572323,24755
7.913828266002069,24756
4.228289785303883,24757
2.410314216752139,24758
21.92985873693353,24759
12.20052665942117,24760
6.751582171583105,24761
4.754184329725405,24762
3.5269892833281937,24763
3.1253706878005936,24764
2.7999255053622663,24765
2.7920782612698947,24766
21.785054710502312,24767
11.953522247870543,24768
6.338984065381097,24769
4.307120599978816,24770
3.106548494612921,24771
2.8036923728081673,24772
2.701528113223315,24773
2.5997494334238533,24774
17.943993544593937,24775
10.106109861362631,24776
9.800801153412559,24777
10.129591180653804,24778
21.747370549099987,24779
12.2333106780935,24780
6.4426467333833966,24781
4.5319759453983215,24782
3.383006338691657,24783
3.068735534651175,24784
2.9266831378170544,24785
2.8432656630086823,24786
2.0827206220415495,24787
1.9830453579020615,24788
1.9475998410854554,24789
3.0452042609328136,24790
6.77231758150993,24791
22.01513543089149,24792
12.479078481129848,24793
6.795936748077077,24794
4.856375637738183,24795
3.6972160318162564,24796
3.387043391342146,24797
3.2486017919612338,24798
3.1572898883082847,24799
21.49455649876782,24800
12.060299376671496,24801
5.86351951273061,24802
3.926619539292389,24803
2.9880047320611567,24804
2.5489754460974443,24805
2.4886403064224076,24806
22.330273118449064,24807
11.640468551348206,24808
5.900968599470088,24809
3.9350436332954066,24810
2.8707545346914296,24811
2.4494277226554013,24812
2.390163345787826,24813
13.398806578309772,24814
8.195633480703588,24815
7.5876295951514505,24816
7.470758204179054,24817
5.4509370024057535,24818
4.980266878328097,24819
3.3242432017109045,24820
3.2590203017399446,24821
3.210133938995505,24822
3.165070145793752,24823
11.327444979158104,24824
6.979741846329924,24825
7.336043934945241,24826
18.977501206852143,24827
14.731281685338665,24828
13.686162725927513,24829
8.77505293420613,24830
3.998115111675742,24831
28.588919250842686,24832
17.785206123856884,24833
15.241855439351138,24834
11.649269982120416,24835
9.032290841252093,24836
9.300813460745418,24837
9.567385310715599,24838
9.284848930738164,24839
28.06444645497317,24840
16.28030206262094,24841
8.850877481913992,24842
6.678151739192388,24843
5.2753691879136255,24844
4.827146456104248,24845
4.662453817549026,24846
4.535906108260911,24847
22.074149034436264,24848
12.47511916292198,24849
6.745361896832416,24850
4.845966871898045,24851
3.6751167106500904,24852
3.370469557837943,24853
3.2148926974742214,24854
3.1691453595129744,24855
22.073837066375855,24856
12.465368342073871,24857
6.735398574367169,24858
4.847279889356431,24859
3.6765600032522867,24860
3.3636842378540304,24861
3.2155008359853285,24862
3.1675995563566923,24863
23.11689827722953,24864
20.139514474305237,24865
10.545423013626243,24866
9.024999794807911,24867
22.6692224404731,24868
12.83271078443271,24869
7.256148435924707,24870
5.326388869290529,24871
4.169352299539617,24872
3.8359644185557347,24873
3.711189706761629,24874
3.5751697578632022,24875
27.348237341201163,24876
410.45134499833114,24877
143.20872098816798,24878
89.95417246472634,24879
76.0496269907737,24880
64.51308216799761,24881
14.57415953266646,24882
6.93468953321517,24883
5.956423869323554,24884
20.826827552341605,24885
11.233298332405774,24886
5.539549294770881,24887
3.6577648216649106,24888
2.495196518362275,24889
2.1831774136711997,24890
2.0560480393273717,24891
1.9429471347344454,24892
2.856954074139805,24893
2.5554630836766563,24894
5.117191152750833,24895
2.751180411936118,24896
6.019789356099201,24897
6.373721491806131,24898
12.962399591813748,24899
15.772567443110928,24900
13.565278891948566,24901
13.079414755284475,24902
7.233180040541165,24903
1.8877487024016768,24904
1.316381638978932,24905
23.936158127500793,24906
6.207974686435902,24907
3.1634023589428244,24908
25.293196850054713,24909
5.404601465137732,24910
2.2681276606694305,24911
22.459550788495857,24912
10.954565607602316,24913
5.438819467669025,24914
3.2015916653769363,24915
2.05559355863965,24916
1.769488498425447,24917
1.6056941321523615,24918
1.4806971386286776,24919
21.320420960360007,24920
10.365661357006438,24921
5.254933030750966,24922
3.222196501704972,24923
2.0318113001787705,24924
1.7181362423988014,24925
1.560962024489703,24926
1.5079241135845374,24927
22.27565111608205,24928
12.532364982687591,24929
6.836961458377222,24930
4.926118322476106,24931
4.042645770938412,24932
3.6393637655466144,24933
3.323934386085093,24934
3.1662988402352945,24935
20.636909791734606,24936
11.060818885440371,24937
5.319221073887186,24938
3.448281797525875,24939
2.3037598877486674,24940
1.9720546541226442,24941
1.8216432541448269,24942
1.72841000915069,24943
20.921606453290707,24944
11.370981634564027,24945
5.636630619965523,24946
3.6652256754663046,24947
2.569711456489581,24948
2.2309550660544937,24949
2.126866132251805,24950
2.0375907035550327,24951
20.641477928934794,24952
11.695082108724284,24953
5.960924864316283,24954
4.192379582760678,24955
3.216139565766109,24956
2.803487209138515,24957
2.6772911959570993,24958
2.592882919485304,24959
20.7558096464315,24960
11.82660503931575,24961
5.988544841496247,24962
4.298773988608007,24963
3.4236888512089134,24964
2.9431580879855286,24965
2.7475555216797103,24966
2.687654709377708,24967
22.987591455734698,24968
13.325721962347538,24969
7.3639074808456915,24970
5.4640003566598745,24971
4.230286218076918,24972
3.848666704418896,24973
3.696158555757091,24974
3.620704269797754,24975
22.87304675879374,24976
13.286101847999785,24977
7.522540956841236,24978
5.045820653370245,24979
3.8948162964042234,24980
3.611637057327241,24981
3.5449683332049027,24982
21.729869795006916,24983
12.006838971626236,24984
6.2407630016315565,24985
4.338113231927116,24986
3.2438770629147107,24987
2.8792571123244044,24988
2.760356023090782,24989
2.7006939378231962,24990
20.906175995091797,24991
11.213622097231921,24992
5.423611708416108,24993
3.5016441040139945,24994
2.388296260616546,24995
2.0521229048603282,24996
1.9014554244693986,24997
1.8265058664695604,24998
21.70532573970526,24999
12.115540313196467,25000
6.337686917459463,25001
4.493284093037532,25002
3.2669460284829044,25003
2.906370134703639,25004
2.7999306858641186,25005
2.6978086385762587,25006
21.65544610914863,25007
12.189925088065888,25008
6.3023235929800645,25009
4.52191725196088,25010
3.237725635165877,25011
2.933408245855494,25012
2.860795506339753,25013
2.771251973271894,25014
24.90326573160158,25015
43.38802702653181,25016
32.72491594217868,25017
22.096569754239496,25018
21.668462530506957,25019
21.703430519546117,25020
23.1050221957053,25021
22.578455971638476,25022
22.386090836749965,25023
20.66105725005188,25024
11.964725973906951,25025
6.652768047906536,25026
4.21696915318486,25027
3.1062406584875935,25028
2.8943576439860013,25029
2.617457350849352,25030
21.59013204926806,25031
12.098357647899059,25032
6.230019776486591,25033
4.403555360810688,25034
3.281554443541939,25035
2.939399268673234,25036
2.7744096128572817,25037
2.703079388981317,25038
104.81403876278314,25039
56.3603250900485,25040
41.33864747465247,25041
38.503175765327136,25042
37.16559345609168,25043
22.99048242549678,25044
21.303485989645363,25045
11.882059880699101,25046
5.987775914851332,25047
4.063680516664126,25048
2.9203014216047527,25049
2.4646227034553836,25050
2.406842042132586,25051
2.355117118333862,25052
21.82804320859045,25053
12.295286694518092,25054
6.142454023569311,25055
4.2365861963725235,25056
3.0839812853567867,25057
2.6528292557486632,25058
2.6196644768395827,25059
2.559263396413456,25060
220.76391807909832,25061
122.11603530583717,25062
93.79284354713465,25063
84.49877610204481,25064
39.19689412446726,25065
36.23991249614528,25066
29.757564098857074,25067
30.23039223147809,25068
28.071244580277693,25069
26.851370189563347,25070
25.346477378639577,25071
26.309294253951794,25072
269.09173305008335,25073
87.36374043688072,25074
51.12981079866238,25075
50.33128360961748,25076
53.121566193763854,25077
21.529067827827422,25078
11.972584445274027,25079
6.141947476191482,25080
4.399776747346549,25081
3.1942258760655107,25082
2.8304808111717223,25083
2.772801138213519,25084
2.675379116649301,25085
21.759854746847246,25086
12.345564297408494,25087
6.371090344075273,25088
4.589099466612137,25089
3.4528851240200105,25090
3.1342175139611883,25091
2.905057593171307,25092
2.8682064367052162,25093
21.611652961435357,25094
11.998930887290378,25095
6.238274742391075,25096
4.350837407975124,25097
3.2096996388569354,25098
2.8189315122110408,25099
2.734808816139141,25100
2.607484179921317,25101
18.276357360771698,25102
21.351966379573938,25103
11.773825205684954,25104
6.053001873214499,25105
4.134299450991158,25106
2.988947474193745,25107
2.673984171390532,25108
2.5332137889504667,25109
2.448531015298703,25110
13.619936533963605,25111
12.345639986035446,25112
21.323139562561828,25113
11.745035821010939,25114
5.932666902668561,25115
3.703439286489697,25116
2.6946445980785882,25117
2.434477387333967,25118
2.3650282295038836,25119
2.330807573207324,25120
21.642087418679115,25121
12.380173783069155,25122
6.142578782888781,25123
4.0498781367816,25124
2.9711976391258377,25125
2.680022776119673,25126
2.3433199687810977,25127
2.311684358526901,25128
21.451888701920378,25129
12.246170029556872,25130
6.461543387560321,25131
4.541857220154909,25132
3.3491814367187045,25133
3.0312320471569354,25134
2.9301542315698788,25135
2.7746525036335528,25136
21.35643264798488,25137
11.80521730811052,25138
6.062873851118084,25139
4.152613422000354,25140
2.996644421691841,25141
2.6927830833331883,25142
2.5658698513539884,25143
2.480243728270959,25144
21.59353983791479,25145
11.911663730841877,25146
6.205659623579949,25147
4.2909949043292555,25148
3.160579131949068,25149
2.911922872585972,25150
2.76109205316642,25151
2.6716100036785813,25152
20.825161434238876,25153
11.237797371268826,25154
5.417349849641212,25155
3.53879255284341,25156
2.3807772058700305,25157
2.0427979269457452,25158
1.927070506438181,25159
1.8438090956180455,25160
20.811430461758718,25161
11.2690200621346,25162
5.470127542948293,25163
3.588261205543967,25164
2.4703536502710883,25165
2.137338991623739,25166
1.9984011446911332,25167
1.9103465648061573,25168
20.352751644198936,25169
11.246776722439767,25170
5.424031282580378,25171
3.5913661899649996,25172
2.431514465604304,25173
2.098366542511493,25174
2.0066912291972385,25175
1.907872412484762,25176
21.881674418562483,25177
12.308228138581438,25178
6.5769027295499685,25179
4.672437451963146,25180
3.5115199869564333,25181
3.1977064606150214,25182
3.0936630183256164,25183
3.043274079027236,25184
21.700566202227836,25185
12.34879257686166,25186
6.496608042844171,25187
4.632811979270838,25188
3.4849009924666197,25189
3.1844288166559065,25190
3.1551760103699458,25191
3.0905101671180195,25192
21.920598562554204,25193
12.438940989595263,25194
6.718548756069469,25195
4.658632751571998,25196
3.5239044434605664,25197
3.2574098736196264,25198
3.241013508159714,25199
3.135850712840161,25200
22.64278922643229,25201
13.098040520508059,25202
7.52016795284917,25203
4.435449841519217,25204
3.509347187533814,25205
3.2800944759736517,25206
3.1197517148774487,25207
3.079785326740622,25208
21.430957902519328,25209
11.9852086882456,25210
6.1137572301470655,25211
4.268832000885506,25212
3.1046899585848684,25213
2.7464494823897767,25214
2.56277225678785,25215
2.409028553364173,25216
19.34506398900937,25217
10.873934405140345,25218
5.391422165575601,25219
3.644394976837383,25220
2.541843218924623,25221
2.112535373784489,25222
1.9353869381245208,25223
1.8050924176793286,25224
20.7054271105416,25225
11.249926857463764,25226
5.481756827224767,25227
3.5500454765623357,25228
2.5008441307812745,25229
2.218959681135325,25230
2.019941772506587,25231
1.9300727461386973,25232
20.95133110408066,25233
11.503778855705736,25234
5.762333451846838,25235
3.799831929414414,25236
2.6293116271807233,25237
2.3083363601287137,25238
2.1709193253997534,25239
2.099582833261805,25240
8.364613136617761,25241
5.492203212161526,25242
8.364613136617761,25243
15.298561377857837,25244
17.81949185564385,25245
48.19463047339944,25246
24.70225018409611,25247
13.101989954103765,25248
15.442689668443611,25249
11.180855881110029,25250
10.177257001636535,25251
9.199779099395355,25252
8.844532110990814,25253
2.7967516256063627,25254
35.20223051898417,25255
35.6257774532734,25256
29.008605443796718,25257
11.589042660991511,25258
33.529911189920476,25259
26.256029143270727,25260
12.408489188938095,25261
13.525006352465965,25262
8.839019915611898,25263
7.983307200784501,25264
6.555071900825637,25265
21.48138285861014,25266
11.981495011265626,25267
6.233563926281129,25268
4.365922650781097,25269
3.224350902834335,25270
2.918794976802517,25271
2.812596030568324,25272
2.68672931761284,25273
21.781593768929813,25274
12.06833051786691,25275
6.3666402581384425,25276
4.399039115572275,25277
3.28626009748455,25278
3.0703403494667483,25279
2.863400217942782,25280
2.6642331965613173,25281
22.333844586926105,25282
12.881776908191462,25283
6.976799432315047,25284
4.912362680474478,25285
3.8572564803006126,25286
3.650583867833981,25287
3.5166651189062494,25288
3.4096650349309456,25289
21.369644073117325,25290
11.596151705136503,25291
5.6815813273440785,25292
3.543753074897721,25293
2.3679840799693017,25294
2.019224961956673,25295
1.8874170508329513,25296
1.8203813458641154,25297
20.66398114859546,25298
11.032777316485529,25299
5.30983483338602,25300
3.4059767922111504,25301
2.2510834697842417,25302
1.939275820904783,25303
1.7836141301224155,25304
1.7016512980384602,25305
21.527245695827688,25306
11.582644237185892,25307
5.490626596584817,25308
3.5311550376467498,25309
2.384918176036033,25310
2.0622633813904536,25311
1.893824139090398,25312
1.8460083529848994,25313
59.95541471018199,25314
25.36798774495663,25315
12.021643164988525,25316
10.500566147455658,25317
8.908153722218751,25318
13.603185920354179,25319
29.287527344527575,25320
17.751288234541782,25321
11.188742148761131,25322
9.641847011335653,25323
8.022861853259958,25324
7.993050009953388,25325
7.391822537079229,25326
7.083288064512411,25327
6.991077900879018,25328
6.991077900879018,25329
8.850485007454342,25330
6.2558121643838644,25331
7.073182759881058,25332
6.72896273152059,25333
98.88989417441864,25334
30.867354912602043,25335
13.90670768545048,25336
7.37894764876475,25337
10.01248787603451,25338
10.120601654854413,25339
1.9111355528437641,25340
1.8127848981326482,25341
2.6691982128778204,25342
2.670183475209757,25343
2.6826807883137134,25344
2.517501652086877,25345
2.329509950605898,25346
2.324426535590849,25347
2.329509950605898,25348
2.348325960081479,25349
2.348325960081479,25350
16.5214675528521,25351
10.647810675358791,25352
8.974618685935766,25353
9.853890745002113,25354
7.926440544832889,25355
6.434443892138216,25356
6.082565839291847,25357
3.718840749933671,25358
6.724502012953582,25359
21.750799910682936,25360
12.10557638983622,25361
6.382347251489674,25362
4.515331731488613,25363
3.326039985138118,25364
3.0285227505716072,25365
2.869068970469192,25366
2.78768729936186,25367
4.463555241125799,25368
8.918233066716413,25369
12.632382755153165,25370
9.680754614289791,25371
8.901927904722829,25372
6.06404186191081,25373
8.291402887354524,25374
4.4322535694304985,25375
3.9774358178277294,25376
3.553668425555581,25377
6.1105287757646805,25378
9.130525566681401,25379
8.950543316409869,25380
27.78352900072183,25381
15.24384442113671,25382
8.976492732732169,25383
6.6994286091993915,25384
5.560682862238854,25385
5.236917469515069,25386
5.238726935059331,25387
5.1062432734137975,25388
20.95975985037918,25389
11.570826816416558,25390
5.730984371134477,25391
3.6697961786319144,25392
2.679645010544067,25393
2.291014444133384,25394
2.185791613415605,25395
2.1459370461648084,25396
20.955571528774346,25397
11.459182357055854,25398
5.875275447946276,25399
3.866124633258823,25400
2.788385545160487,25401
2.417477872804472,25402
2.3264366649218697,25403
2.2343992840702054,25404
21.11591886480563,25405
11.771667685687687,25406
5.868423539282695,25407
3.908560201496485,25408
2.7711984203004763,25409
2.4345672678952455,25410
2.3160418949057915,25411
2.1952907724413935,25412
21.16909726628352,25413
11.63867877775736,25414
5.97477120953722,25415
4.031715023712963,25416
2.895495335541498,25417
2.604080888287648,25418
2.5057221555764975,25419
2.3778423888237072,25420
5.122355660404949,25421
5.369203227418205,25422
20.68837574697922,25423
11.244859759442402,25424
5.468758163200216,25425
3.590587900510662,25426
2.4401700015961865,25427
2.111034702882365,25428
1.968126557670773,25429
1.9134183240339036,25430
21.577713018674558,25431
12.937107614417542,25432
7.2071443777018205,25433
5.252175095082227,25434
4.064875216630523,25435
3.825169970306381,25436
3.711034727857784,25437
3.6237696212886976,25438
20.699137039456208,25439
11.140039481985337,25440
5.38145633249791,25441
3.4781563994573204,25442
2.337797114738684,25443
2.017121147606852,25444
1.8957876841038102,25445
1.8080763213096116,25446
8.532191986636828,25447
6.472631669207362,25448
18.40300551181876,25449
6.719892901208697,25450
22.302601081325715,25451
12.345450904704936,25452
6.222508231456091,25453
4.358856684643868,25454
3.153952542119797,25455
2.8108695587969525,25456
2.6965882236491123,25457
2.6758078114222443,25458
24.57818430742683,25459
12.780374487872534,25460
7.972908338234228,25461
4.848102925767366,25462
3.1896679190706045,25463
3.010088551936347,25464
3.023028475534899,25465
2.828981420386384,25466
47.47914550021779,25467
29.223093783134264,25468
22.709763462706373,25469
18.147710261017423,25470
22.026175163762503,25471
20.798781386899527,25472
11.365286273819736,25473
5.558652202789082,25474
3.6381943045574388,25475
2.5117786411387915,25476
2.22831724067829,25477
2.064672296556042,25478
2.014066315816127,25479
20.598319729845834,25480
11.13094250833732,25481
5.450492524954547,25482
3.5175766319191553,25483
2.327773198756614,25484
2.0252387478115055,25485
1.8902953820033224,25486
1.805399982874183,25487
20.821235375231982,25488
11.256872023106142,25489
5.50935212985342,25490
3.583139613689116,25491
2.446199948293593,25492
2.1283837670588093,25493
1.9750911272121947,25494
1.890271659412997,25495
20.733975309725583,25496
11.066656989752579,25497
5.353870360771647,25498
3.468051268197944,25499
2.3245305869523554,25500
1.9866688976849258,25501
1.8748993781431953,25502
1.788625481555479,25503
20.708546759500557,25504
11.355091797747763,25505
5.627404445799884,25506
3.799168353395192,25507
2.552615802830198,25508
2.247086356332162,25509
2.1046041873472627,25510
2.0118923032154536,25511
21.0303354311577,25512
11.56441315729087,25513
5.874775904413112,25514
3.9114216507017834,25515
2.753650480420758,25516
2.4437026574924876,25517
2.3160724883732633,25518
2.2477784899144724,25519
4.5099043266824195,25520
2.471565203917647,25521
2.7715702629453913,25522
2.6638402836853086,25523
20.83599724658508,25524
11.332703717365439,25525
5.90892419274537,25526
3.8341986029714854,25527
2.603678647141768,25528
2.4448697296051436,25529
2.2223896383836013,25530
2.1905746065702885,25531
20.60202060720051,25532
11.013133973734485,25533
5.271507557099374,25534
3.3626993282933313,25535
2.212449918402123,25536
1.8947455752336715,25537
1.7612727243524042,25538
1.6664503554339483,25539
21.20507238967028,25540
11.280694831109559,25541
5.566360190592502,25542
3.7606213364589327,25543
2.495623530525203,25544
2.24301967677672,25545
2.1076961401507686,25546
2.0607386104457737,25547
20.78331412225865,25548
11.114661805883777,25549
5.538478454477142,25550
3.5056192928097727,25551
2.272871192563536,25552
1.950322883725332,25553
1.8126462559037024,25554
23.358465060040487,25555
13.53442374593204,25556
7.203664452691446,25557
5.101455972786505,25558
4.0557577431503855,25559
3.7356904007953577,25560
3.5969706364098717,25561
3.513766258643847,25562
23.509582766263932,25563
13.502790459533129,25564
7.763633546995181,25565
5.861090692091317,25566
5.7300069180054205,25567
4.951668941075937,25568
4.221288290668321,25569
4.435987744361674,25570
27.134223857997625,25571
16.660075934391013,25572
8.57866729347954,25573
10.217770187198516,25574
4.295838599823848,25575
3.7939079259798953,25576
4.516765128302158,25577
21.488382093898647,25578
11.794362660291032,25579
6.238116343699885,25580
4.296505020362973,25581
3.0436241272121887,25582
2.7208859687304283,25583
2.6105865536695974,25584
2.508531578768169,25585
23.006778257716366,25586
13.97677095225374,25587
6.264964464922641,25588
3.974334060435827,25589
2.7330471767109414,25590
2.850294043436362,25591
2.8041349181699977,25592
2.7399053386739243,25593
22.080985074793485,25594
12.419085670101378,25595
6.661727183999487,25596
4.757630098890566,25597
3.760812930554797,25598
3.1483376272278423,25599
3.123413977690689,25600
3.0298089146002294,25601
23.184323904679765,25602
13.188960998400068,25603
7.034142616389061,25604
4.970253876010853,25605
3.900031773499583,25606
3.4569744268255396,25607
3.3819330017921176,25608
3.2771771386537982,25609
33.76742370221957,25610
20.109463311278507,25611
14.188090557508236,25612
9.952265330902925,25613
8.594636153749784,25614
7.905600194432934,25615
7.795205976646654,25616
7.744674597561877,25617
1.911637925042086,25618
1.7012860896022295,25619
1.5960157399832524,25620
1.5906218171761717,25621
1.5482774130620847,25622
21.759136512598463,25623
12.162675478352085,25624
6.182958038647582,25625
4.382107890860603,25626
3.2372545479876056,25627
2.894449129381132,25628
2.780360783837783,25629
2.63246792993428,25630
21.40923600768423,25631
11.81024471665666,25632
6.153234406534133,25633
4.26169268667972,25634
3.0806473516784867,25635
2.742996883959892,25636
2.6130761626678707,25637
2.406160765186573,25638
21.013497670468766,25639
11.46850684739132,25640
5.827379716688788,25641
3.8920084094909457,25642
2.6899735398412576,25643
2.4547390067958648,25644
2.287329926353998,25645
2.236541705180153,25646
21.070433572709593,25647
11.674692682687388,25648
5.90440834218433,25649
4.129008462990393,25650
2.945814624719278,25651
2.6495554172095965,25652
2.488185196128697,25653
2.410162097658017,25654
23.82978464829461,25655
13.303892287301519,25656
7.7452024215046364,25657
5.377646045624442,25658
4.247446505472481,25659
3.9198282770115322,25660
3.776746090183148,25661
3.6899511706993504,25662
24.24819139486088,25663
13.401541419647545,25664
6.949231548525505,25665
5.398187565071614,25666
4.00880485514498,25667
3.952323764542513,25668
3.8414566252374427,25669
3.8088705323279677,25670
25.12577586367668,25671
16.090206671962758,25672
9.281490640931446,25673
6.2313690936252435,25674
4.616548520648301,25675
4.6331920335123185,25676
4.635458336090134,25677
4.629256953120906,25678
8.197699304049792,25679
6.184445700291515,25680
5.384815627259512,25681
5.134858711374824,25682
21.091920829451855,25683
11.592640753999754,25684
5.849511622302,25685
3.9168955771977205,25686
2.725447140995948,25687
2.457378248357328,25688
2.306508746087888,25689
2.2277685474190876,25690
21.322617851060865,25691
11.58967721851377,25692
5.9572675117444795,25693
3.9624773051480475,25694
2.722355117377792,25695
2.4557010928101133,25696
2.295460567696927,25697
2.2574533930294676,25698
7.420872533160814,25699
7.122030648650124,25700
7.053519005626804,25701
3.9767035700182918,25702
21.724562564519797,25703
12.154064574247757,25704
6.286607394353608,25705
4.490929111503021,25706
3.303496979475113,25707
2.9290149421272926,25708
2.8258073840186544,25709
2.7680716280528643,25710
22.821295058275204,25711
12.958074457679402,25712
7.114774224830251,25713
5.6326201186112,25714
3.798180506771691,25715
3.29132032968091,25716
3.271518390338595,25717
3.099496160641447,25718
22.672701980132366,25719
13.673838190635383,25720
7.063222679731157,25721
5.699618709312129,25722
3.85380492123232,25723
3.3596526955348613,25724
3.380582213474392,25725
3.225352522466448,25726
376.1897268672654,25727
139.85754576760183,25728
85.49823997746647,25729
70.84115419330868,25730
60.07871001219462,25731
20.670001930568933,25732
11.09046359854515,25733
5.3503561010249765,25734
3.440635083689904,25735
2.2892701424619597,25736
1.9660336762808721,25737
1.8388497786972078,25738
1.7668104811835816,25739
1.8278329558585675,25740
19.247190520508166,25741
13.187041225393731,25742
5.709057244405603,25743
5.057264657114545,25744
3.3757054332986027,25745
3.5677844293090724,25746
3.554311439074268,25747
3.541144945047879,25748
16.811492272511153,25749
17.798376637991648,25750
9.494426697343668,25751
4.700253728116333,25752
3.1763621634308956,25753
2.4261316085448437,25754
2.1925126425874444,25755
2.0795814234389045,25756
2.024177762365313,25757
18.420003204282132,25758
10.529124563357094,25759
5.301677586127784,25760
3.716229400666455,25761
2.887746681623354,25762
2.353434160651785,25763
2.288527155830168,25764
2.2727715138174136,25765
17.412722717119383,25766
9.638606034063367,25767
4.670132082473904,25768
3.1667974549544877,25769
2.4771405379041687,25770
2.4029774560083776,25771
2.2179679742503087,25772
2.065092277182564,25773
25.55577916501644,25774
12.524000988650572,25775
6.369137218936566,25776
4.401934172095237,25777
2.7914151127283513,25778
2.427679053284985,25779
2.48912223747134,25780
2.4289768329639534,25781
25.068332953843395,25782
12.30093930697458,25783
6.228103548779512,25784
4.352973787772881,25785
2.812907158898099,25786
2.496801252764005,25787
2.2891282630909684,25788
2.303449801726358,25789
25.431370244072745,25790
13.645320830542268,25791
7.319450157044247,25792
5.749684072827154,25793
4.75950713735335,25794
4.084634959461161,25795
4.011667290978908,25796
3.8257866685342075,25797
21.158486442423662,25798
11.189141819639097,25799
5.4171798850150035,25800
3.495633373504249,25801
2.2802554375140396,25802
2.0705711419197574,25803
1.9127319534711058,25804
1.8173514753744262,25805
1.495545285921271,25806
26.584796798139948,25807
7.610690964454931,25808
3.8767399747670424,25809
24.744136398829124,25810
5.544191545711473,25811
2.663226130969492,25812
21.001061282263887,25813
11.237628135910017,25814
5.4860269727959885,25815
3.819836372668739,25816
2.564251253260653,25817
2.3621717006821408,25818
2.285904082082935,25819
2.260845834248599,25820
8.855717144624531,25821
13.824706932189725,25822
9.586754424261658,25823
8.643616200072952,25824
7.967916913866567,25825
9.010357391082255,25826
12.57595612914829,25827
11.254492637235563,25828
7.049429922212893,25829
7.01040277034831,25830
3.709449319952162,25831
7.526479594289846,25832
4.410953218013139,25833
3.945616701044502,25834
13.954845891044554,25835
12.513772989142248,25836
20.63787168846668,25837
11.117970492668306,25838
5.378699058904915,25839
3.362454725579856,25840
2.3371240390308086,25841
2.0296763773879407,25842
1.8816452258266017,25843
1.802173198919885,25844
3.942435838564842,25845
0.6599299267541303,25846
7.078753610038139,25847
5.0334591244118885,25848
2.7443668980577645,25849
12.828369114574839,25850
10.916901853335121,25851
4.178837092013287,25852
6.401505117065111,25853
2.5783638462290503,25854
2.0382321170478193,25855
3.544826835295127,25856
3.0147906547704237,25857
8.351904905023282,25858
6.830300560051406,25859
4.754371939440512,25860
4.569706388912549,25861
10.69333964867529,25862
1.8177563736190592,25863
1.9985065436427853,25864
11.20668843043899,25865
6.211737210328331,25866
10.42382697038502,25867
32.27045492032487,25868
6.715549389998277,25869
6.401530567941248,25870
6.401530567941248,25871
6.715549389998277,25872
1.131938120355404,25873
26.473369480958226,25874
8.578874632071264,25875
3.5959401790649506,25876
13.396381738633961,25877
9.311398320172561,25878
16.200236470931124,25879
10.969810731136912,25880
10.719353074633814,25881
9.805791201483721,25882
2.3518396676262108,25883
25.870017679638767,25884
7.360678071509081,25885
3.9282443043634827,25886
26.774839670187617,25887
8.076595080548028,25888
3.829441702578927,25889
9.732426968355393,25890
6.025629264391515,25891
0.8290546680185295,25892
0.6537842522441886,25893
0.9080127991764056,25894
4.8735160644596025,25895
16.790978722230786,25896
13.387418901826791,25897
10.872506735145926,25898
6.077965187480706,25899
9.704866160425292,25900
3.847141920450025,25901
3.67000925965134,25902
17.62685317047518,25903
18.726327082356846,25904
17.735801034402026,25905
13.86572922520652,25906
4.391565410704658,25907
10.271607848310174,25908
8.124144094752525,25909
7.429586914423941,25910
8.41327847473541,25911
3.110291112506921,25912
3.7660770135352304,25913
4.08507874650868,25914
10.472030382622288,25915
5.6828564600712035,25916
5.4924866431563535,25917
8.076565709118288,25918
3.543926226721103,25919
9.88110161569451,25920
7.841011210651152,25921
2.458234457371268,25922
12.70276093585641,25923
6.671346891503817,25924
5.087139217547218,25925
15.11779698970855,25926
22.083989170630343,25927
14.302206992231195,25928
12.249161652725467,25929
8.513989752619878,25930
31.753291223652727,25931
33.823285836501235,25932
28.644871555693523,25933
17.753580606315246,25934
10.697373764177355,25935
9.977383474194529,25936
9.704782549931117,25937
9.339544112004614,25938
8.67509922139042,25939
8.213731651822382,25940
13.677275012477715,25941
47.17090898161243,25942
13.684279278336337,25943
21.039388173077878,25944
11.417521683243084,25945
5.355045067733503,25946
3.4465200092741153,25947
2.285146021303662,25948
1.9406571631738982,25949
1.7792239632830034,25950
1.769859549575368,25951
6.41972830806242,25952
9.508199481249385,25953
2.9286437906409395,25954
22.511826090203535,25955
12.805642876217396,25956
7.0635609165880755,25957
5.082830131630763,25958
3.9772410309483455,25959
3.7162077822875887,25960
3.593826063008077,25961
3.468612788783938,25962
5.322149844688064,25963
61.23825022377673,25964
37.33534706271422,25965
32.540873319953874,25966
19.462870248639963,25967
10.497007450942938,25968
4.2527272144110615,25969
3.5167349346919625,25970
23.176779554244895,25971
13.931441888364978,25972
7.576461321430141,25973
4.9172751339417,25974
3.623536299081487,25975
3.225742530257081,25976
3.1180123027294293,25977
2.93519039791279,25978
23.9060330552366,25979
16.367089309516054,25980
11.637167772891337,25981
8.734979573802526,25982
7.238282181690674,25983
7.502957533142866,25984
6.975641160520435,25985
6.7223053188459225,25986
4.2162069096311,25987
7.333252862945877,25988
6.922389391271182,25989
5.690259506098959,25990
7.22319209127749,25991
11.992162619307626,25992
12.957790745441644,25993
13.014766546712332,25994
6.828675288112998,25995
8.955172401404182,25996
8.886693387737411,25997
5.256390236620235,25998
5.337339089703049,25999
14.177360058760627,26000
10.28569716319388,26001
4.082019723194188,26002
24.52024003852795,26003
14.209360151779025,26004
7.720104552257947,26005
5.183638974745031,26006
3.90973122620971,26007
3.6706742855660157,26008
3.563814659368532,26009
3.445044365001753,26010
28.692286669712164,26011
16.7797861440496,26012
9.54165634512908,26013
8.213786791345724,26014
6.870685564366243,26015
5.817080438787218,26016
5.84542978914817,26017
5.822055568230845,26018
11.136796766613298,26019
24.027185318950853,26020
5.326770200426446,26021
1.7522309126013302,26022
33.01519391834554,26023
26.204651257277284,26024
19.664479751054003,26025
14.865209392816888,26026
14.712173454738995,26027
12.48716617622726,26028
12.952501544375757,26029
12.80504689706371,26030
31.836377523991082,26031
21.159725771042442,26032
14.14670792468213,26033
11.34915413371864,26034
9.788186044035447,26035
9.560350893323056,26036
9.528681417948892,26037
9.474361637680136,26038
84.16860226075235,26039
21.902718042102254,26040
16.367489569331557,26041
13.96514704372614,26042
12.566699044262576,26043
20.98262348533378,26044
11.323137739802002,26045
5.640224974604225,26046
3.77271210389674,26047
2.628777269714896,26048
2.292438623829639,26049
2.1541100911515896,26050
2.05300427414807,26051
4.115361710785725,26052
21.013515085811445,26053
11.27235383908956,26054
5.727571267781751,26055
3.8299890144752684,26056
2.68429442815832,26057
2.3633855444120626,26058
2.2185425924537925,26059
2.1262042266854175,26060
21.884823037047425,26061
12.341725767293436,26062
6.510653878167441,26063
4.436983608820805,26064
3.3225956861982415,26065
2.9719854120379,26066
2.923000069798923,26067
2.7909587818098367,26068
20.922517763329967,26069
11.447154815487638,26070
5.633307217045837,26071
3.696862953123688,26072
2.6492861414510296,26073
2.3381356229060577,26074
2.184619722783959,26075
2.0821995953529493,26076
22.02280711881067,26077
12.02258556455,26078
6.256175056799398,26079
3.909029530085596,26080
2.723636084932708,26081
2.3708530932987957,26082
2.23346119325792,26083
2.163172187537744,26084
20.42367228902968,26085
11.362680299737152,26086
5.54253336249423,26087
3.6372162121823464,26088
2.4896292283489423,26089
2.178284742337669,26090
2.051981716921113,26091
1.9380718018375633,26092
20.89512741788555,26093
11.16800265085285,26094
5.6673181713941325,26095
3.5713472238747177,26096
2.3341292518435712,26097
2.028341739293137,26098
1.857746822850783,26099
1.7632639538828205,26100
664.6123453958335,26101
20.838251371709614,26102
11.466148354286583,26103
5.5784719274301,26104
3.6643800299959617,26105
2.573474287173494,26106
2.2927751549242985,26107
2.1509015106583407,26108
2.0504066720916443,26109
21.33275740476806,26110
12.502432978133632,26111
6.267962833538093,26112
4.536476488249937,26113
3.4222095375553576,26114
3.07604881248806,26115
2.968104554932612,26116
2.920624880572847,26117
2.2241657057345074,26118
21.502812929824245,26119
11.460071608616063,26120
5.953178282986742,26121
4.151105082845688,26122
2.8709031586089053,26123
2.567869893604679,26124
2.4775210178475082,26125
2.356934267256352,26126
2.0204724674676044,26127
21.17094825504838,26128
11.899558470729858,26129
6.240208100401521,26130
4.063194984270756,26131
2.9343833259600745,26132
2.520919978198986,26133
2.408103554884043,26134
2.414987632196279,26135
7.997253615913209,26136
5.536829398957382,26137
3.3439002216465616,26138
2.741352736220601,26139
2.3709526479685503,26140
23.036439321350215,26141
13.730098022981055,26142
7.556604728968234,26143
6.19120002460849,26144
5.036995619386638,26145
4.695401041203793,26146
4.3639873951606045,26147
4.437729032698923,26148
21.279688167724235,26149
11.805915420197842,26150
6.08244235438526,26151
4.179295016246022,26152
3.0706158727077852,26153
2.727473432173902,26154
2.5355820676759553,26155
2.4451068886126963,26156
28.679526385862992,26157
19.01414284173902,26158
18.43816014268772,26159
11.312252041961612,26160
8.498105258120097,26161
11.199620888187788,26162
10.767056383243435,26163
10.89277652699723,26164
21.32275095096775,26165
11.660829491025712,26166
5.933266844235797,26167
4.1603575477224295,26168
3.1151363213071135,26169
2.645667754531021,26170
2.5362217921216588,26171
2.4262051535649114,26172
1.3632864446870605,26173
242.25699185066904,26174
108.41819780535013,26175
81.56245091508602,26176
64.78182419541577,26177
51.3454624368457,26178
29.223297741315438,26179
25.33736081890479,26180
19.06828422879091,26181
13.122222586104971,26182
11.90157776775414,26183
12.460406979537371,26184
11.631531842664353,26185
10.50626884623339,26186
21.364463030078497,26187
12.014885307472047,26188
6.341774422566725,26189
4.502862927262939,26190
3.334856210752373,26191
2.8249077180671147,26192
2.614577733238171,26193
2.59828941101028,26194
19.8503830463611,26195
10.276510909111991,26196
6.693070043135781,26197
4.672695161677824,26198
3.4830978697154285,26199
2.8474053631081,26200
2.666784934766798,26201
2.640429011779262,26202
3.0176598591582833,26203
2.373209849273033,26204
2.2602015633397623,26205
2.1677352684198397,26206
1.4148127049998724,26207
1.3816588975392134,26208
1.3263187090699453,26209
1.2693951596148745,26210
1.2476482352653364,26211
21.697015925711284,26212
12.084427509310455,26213
6.353274187748188,26214
4.361846995553951,26215
3.234467986396042,26216
2.929958588003371,26217
2.80313872381016,26218
2.711983525145076,26219
20.68541444998685,26220
11.134773020229188,26221
5.398625502476987,26222
3.488743246594628,26223
2.340848577459445,26224
2.0366356418468023,26225
1.883166328775222,26226
1.8093582473248129,26227
20.827452455320916,26228
11.333570824255943,26229
5.6289105726261885,26230
3.696497700530259,26231
2.5473908443232984,26232
2.2281188799052405,26233
2.0905676279966245,26234
1.9971301878300314,26235
34.03939255621878,26236
13.102967914675219,26237
11.674017774500257,26238
11.367840602766913,26239
10.685091255669436,26240
7.698183380192423,26241
20.670690880557988,26242
11.10597619051972,26243
5.366643566268657,26244
3.4528142324590845,26245
2.305172295312634,26246
1.9886013298203509,26247
1.8486188399822536,26248
1.7733915710446755,26249
21.127267065865812,26250
11.607649057819922,26251
5.826763335895053,26252
3.882172606819062,26253
2.7660875481374507,26254
2.4404036736882726,26255
2.2975694066592527,26256
2.210704178961286,26257
21.905845244698813,26258
12.290489024743941,26259
6.608508283653699,26260
4.716182116943473,26261
3.5418736927094723,26262
3.2283556843057744,26263
3.094740955135078,26264
3.007432823140863,26265
20.92461349586349,26266
11.421802930570935,26267
5.641028528903925,26268
3.7050467250777266,26269
2.5771129531341623,26270
2.276849926263111,26271
2.1386611654660297,26272
2.0419940402841923,26273
21.224592027527574,26274
11.659793623288111,26275
5.920816502107317,26276
4.009094161100238,26277
2.8610767938706596,26278
2.5457181162086577,26279
2.403131409171363,26280
2.3173191515545466,26281
21.199859651263967,26282
11.902131730545563,26283
6.285687622262057,26284
4.189658930926056,26285
3.0300387640255413,26286
2.6935232617944656,26287
2.550295074965239,26288
2.4609689298720454,26289
21.412023664110617,26290
11.768870940767933,26291
6.033004060874928,26292
4.123304936306529,26293
2.9772227452874174,26294
2.669096412643917,26295
2.5213853473429753,26296
2.4281237502603865,26297
21.77421504804137,26298
11.861705936075555,26299
6.094067399609815,26300
4.229381533593315,26301
3.0376335299294324,26302
2.75558262966328,26303
2.598130446792116,26304
2.5322981178593578,26305
21.19515790812871,26306
11.566458242354528,26307
5.93687739700632,26308
4.072359620684028,26309
2.882341219914012,26310
2.577061570642944,26311
2.409530721781904,26312
2.3245601970533634,26313
21.38511553380808,26314
12.029295564589978,26315
6.169814806853875,26316
4.4099934561863074,26317
3.228370785048348,26318
2.8381320398528,26319
2.7003546926928292,26320
2.6372833668507907,26321
8.166885228784569,26322
6.3026374190368415,26323
5.62104309493181,26324
5.431636275589245,26325
21.224592027527574,26326
11.659793623288111,26327
5.920816502107317,26328
4.009094161100238,26329
2.8610767938706596,26330
2.5457181162086577,26331
2.403131409171363,26332
2.3173191515545466,26333
20.98555757047657,26334
11.169726285768927,26335
5.42202848710353,26336
3.5829555146657808,26337
2.3105349772142993,26338
2.0668581734760108,26339
1.8675089373937697,26340
1.8932071490383569,26341
21.523731622226755,26342
12.251575907561515,26343
6.222449307607025,26344
4.283992521487745,26345
3.129194210149149,26346
2.8177393948375813,26347
2.6637555333069125,26348
2.474007591440399,26349
21.000896691402396,26350
11.459103915636668,26351
5.814965661892098,26352
3.86832507457856,26353
2.6707406830206413,26354
2.382418505835673,26355
2.2358777261860556,26356
2.167166818911126,26357
21.019186836864996,26358
11.368108923863502,26359
5.645200938373663,26360
3.7110141013438778,26361
2.564375029073787,26362
2.3001843827225437,26363
2.0508854361772473,26364
2.0565065132347207,26365
20.613147496303174,26366
11.009028114618973,26367
5.317165071888603,26368
3.3460285568505372,26369
2.2231027391371074,26370
1.9310299623220695,26371
1.7959020305340216,26372
1.6943359764943169,26373
21.571136530184,26374
12.039841854270707,26375
6.283919476047407,26376
4.473425868885928,26377
3.2300337503471988,26378
2.9355363100256224,26379
2.802030328124382,26380
2.7068701582650787,26381
20.624826158526087,26382
11.025767335524499,26383
5.298471978304674,26384
3.3810684410881184,26385
2.237396461505573,26386
1.933289253403576,26387
1.81164043821366,26388
1.7418109170106961,26389
20.766704940899036,26390
11.217385624225944,26391
5.480494324356442,26392
3.5674611887012104,26393
2.4152680279751517,26394
2.099673721645426,26395
1.9560490419846612,26396
1.87669278779334,26397
21.35178817679597,26398
12.31750890524516,26399
6.780970486092343,26400
4.873190340843728,26401
3.7501196086881325,26402
3.439550662967365,26403
3.223166360919803,26404
3.0394412290294346,26405
21.591854211022852,26406
12.130611984195827,26407
6.43782468556466,26408
4.46153353138741,26409
3.2202381387501178,26410
2.97710001003322,26411
2.84972058824459,26412
2.739632378572553,26413
22.06324964297438,26414
12.57104548979349,26415
6.817891697106429,26416
4.917805368359134,26417
3.7489236101045447,26418
3.441423544679645,26419
3.2612928512349084,26420
3.1344224133563423,26421
22.3106284567816,26422
12.805068409651494,26423
7.095138218212276,26424
5.1798845376779585,26425
4.060050074031433,26426
3.696915900017595,26427
3.5558298166316282,26428
3.460232567539032,26429
4.550828780632589,26430
20.938097176509356,26431
6.83347292876732,26432
2.950668329530584,26433
3.219058569453476,26434
7.521128764691113,26435
5.852071849003709,26436
11.219994217543745,26437
8.681349937364056,26438
8.296194061655385,26439
10.373186483243893,26440
3.7712439361554844,26441
23.6555325794169,26442
2.548467761759175,26443
1.1833729933307393,26444
2.101389619313719,26445
21.79644680062119,26446
5.993888867678856,26447
2.512780782201354,26448
12.978655298549436,26449
10.348273312159822,26450
17.095160114834428,26451
11.35201081840066,26452
10.69995497427501,26453
4.961131804597331,26454
5.158671133847968,26455
13.355266912496988,26456
12.135949080484394,26457
7.776424054250817,26458
8.021542356611722,26459
7.731833338566478,26460
42.36140710946738,26461
24.870290900714718,26462
25.966997212120823,26463
20.69891674242624,26464
12.098897128211235,26465
9.248605466321512,26466
5.109665962099399,26467
3.7151213867075907,26468
4.34617758624222,26469
6.561708935385134,26470
6.320955521115805,26471
8.49295035050535,26472
13.181369505196834,26473
15.833985996724264,26474
11.268188374295105,26475
8.826983893812308,26476
8.313303360866026,26477
7.725961530475123,26478
7.150867743698496,26479
21.417035443821614,26480
13.174910275433474,26481
6.426122637472434,26482
4.3734810689182,26483
3.067898206519223,26484
3.0473016756504068,26485
2.89183955860256,26486
2.8272510090336467,26487
23.226313802217966,26488
11.843629067697707,26489
6.29866782834576,26490
4.306268402837228,26491
3.020657795645035,26492
2.916898340040394,26493
3.2104396098237316,26494
11.126261170929187,26495
29.313938714871323,26496
17.996460573548404,26497
9.816076214035455,26498
8.89748842153588,26499
8.018439052848779,26500
7.747695293401142,26501
7.435714032772533,26502
7.544965264427691,26503
10.078691364211238,26504
26.480562129563502,26505
8.745199371077724,26506
3.7666806216620934,26507
27.886464865585243,26508
6.579062285034432,26509
2.928828771006216,26510
2.128098223051629,26511
22.47893090887047,26512
13.097190107840401,26513
7.242727845826099,26514
5.14554809760783,26515
4.139274149497405,26516
3.8113518322529005,26517
3.8614175178499277,26518
3.797376483870246,26519
22.47893090887047,26520
13.097190107840401,26521
7.242727845826099,26522
5.14554809760783,26523
4.139274149497405,26524
3.8113518322529005,26525
3.8614175178499277,26526
3.797376483870246,26527
22.90701032528559,26528
13.280931652042598,26529
7.3649312461665595,26530
5.767570872945294,26531
4.895817378375851,26532
4.4537459623362095,26533
4.223485527053834,26534
4.095400209072131,26535
22.967884888037574,26536
13.302188752996873,26537
7.3230723489020395,26538
5.413023318674099,26539
4.577483921025386,26540
4.212341027804991,26541
3.9501169920910337,26542
3.828817885846385,26543
21.48500914465157,26544
11.922014009136614,26545
6.183565888646821,26546
4.275770704498414,26547
3.1212685714453876,26548
2.8101034315880264,26549
2.6650070179014764,26550
2.5786134784342556,26551
20.804813064421094,26552
11.266742807449388,26553
5.469037273581259,26554
3.6074000243267665,26555
2.5006682056703013,26556
2.1567373266671077,26557
2.0457733917214727,26558
1.9490469711037652,26559
21.130833086551593,26560
11.5530961757758,26561
5.833986456033066,26562
3.9206796321188384,26563
2.7404880200467674,26564
2.4227263567579556,26565
2.303523345082564,26566
2.231918237959372,26567
21.191888134201818,26568
11.603112357344468,26569
5.9993361078233916,26570
4.022135789542287,26571
2.9104487311159746,26572
2.6996287031840867,26573
2.5150871143975433,26574
2.3752561527480824,26575
22.566235066791624,26576
12.196551002901991,26577
6.396170892744298,26578
4.436742296459078,26579
3.3464862620091136,26580
3.0087359435208927,26581
2.8795079440793225,26582
2.8693836299882416,26583
7.368384222062193,26584
22.27857718951492,26585
11.924625877051609,26586
6.1052101149599185,26587
4.574749268798169,26588
3.422986944928613,26589
3.1220165451382003,26590
2.796193870467034,26591
2.658595550678509,26592
6.2158466477769645,26593
6.516089608634619,26594
28.537261270847356,26595
16.344188715056834,26596
10.298594558653898,26597
7.778206208636949,26598
6.596996032266739,26599
6.117741415754138,26600
5.8690166925024,26601
5.761563932647279,26602
19.241279175392947,26603
22.28437253258183,26604
12.817746230264351,26605
6.943820861682298,26606
5.135031599974333,26607
3.8898552384917755,26608
3.6093367426343463,26609
3.4566761900683955,26610
3.4260179470788623,26611
22.263338624512517,26612
12.606612233910994,26613
6.8605423838143125,26614
5.839134565964272,26615
4.099776614784964,26616
3.8303783281180985,26617
3.7393503799494914,26618
3.9700436600016893,26619
22.263338624512517,26620
12.606612233910994,26621
6.8605423838143125,26622
5.839134565964272,26623
4.099776614784964,26624
3.8303783281180985,26625
3.7393503799494914,26626
3.9700436600016893,26627
26.80018440536574,26628
13.23012919793448,26629
7.77825928767762,26630
5.153152441874187,26631
3.4496793359936118,26632
3.410997092710281,26633
3.6393543424752233,26634
3.510937930852159,26635
22.225260314721048,26636
12.739945858154314,26637
7.066539528108089,26638
5.0708656652251225,26639
3.855305747696525,26640
3.5620131648708226,26641
3.4213710543425795,26642
3.334843050425515,26643
6.243953557247636,26644
3.957891021304258,26645
4.027977061793322,26646
3.3700793665626607,26647
2.3838527777818665,26648
21.91575840882145,26649
12.351973802562613,26650
6.614906636810662,26651
4.7134482589959115,26652
3.5522705930844167,26653
3.2384012848368346,26654
3.1008863641433835,26655
3.012684404822018,26656
21.729848161725148,26657
12.2176870748861,26658
6.506170495834131,26659
4.567088099885856,26660
3.412959440877155,26661
3.094753937511033,26662
2.9439789672569483,26663
2.8628135684893365,26664
26.687077660057952,26665
15.969004607548825,26666
8.67266105676673,26667
6.129613581157139,26668
4.6594507169206905,26669
4.428095008734141,26670
4.222841691609913,26671
4.1154462902356945,26672
21.356479673898917,26673
11.875249157514867,26674
6.162796253062775,26675
4.208223524469201,26676
3.0816182818880993,26677
2.7738023474375066,26678
2.5990693309985766,26679
2.528471547906727,26680
35.258452727148196,26681
28.096389513359433,26682
19.798251823099918,26683
16.06346441194266,26684
12.894536138647844,26685
15.395443229564187,26686
14.962794569283265,26687
14.032625764985648,26688
33.88480648862801,26689
26.586341083107808,26690
18.70273933815147,26691
17.525406915447274,26692
12.679132316578285,26693
15.832108017044646,26694
16.092209626482724,26695
15.482874809069443,26696
26.874224652141088,26697
16.964474055373,26698
10.581932261202695,26699
8.528025020888721,26700
7.655666703172742,26701
6.98039912338548,26702
6.826886726340222,26703
6.742323023056254,26704
34.87166372330286,26705
25.807950060373752,26706
19.404658386516584,26707
17.193306959377395,26708
15.460327738401645,26709
15.962214732556758,26710
15.775508895380947,26711
15.681936883368863,26712
26.867558038176035,26713
15.485200993222168,26714
10.026204069467495,26715
8.250372636556463,26716
7.3724238084721545,26717
7.009091441789774,26718
6.915879570463713,26719
6.858518472893461,26720
22.313252891790622,26721
12.675573397527113,26722
6.6051482994446635,26723
4.556667706591917,26724
3.335672154528435,26725
3.0293532599979014,26726
3.090207029522286,26727
2.9553306301973405,26728
87.34814586046024,26729
44.644382657615346,26730
24.039917920349517,26731
16.2359599772261,26732
14.427106265424571,26733
7.8108128750262855,26734
7.779663344299625,26735
205.46307365285423,26736
103.6699683802733,26737
67.59645045519895,26738
56.2427539782677,26739
45.71304617316945,26740
39.694140811359084,26741
14.662228985577677,26742
6.104414987351117,26743
5.434895799256103,26744
4.0200604656353525,26745
3.578959417471109,26746
21.238530593999034,26747
11.887523394034945,26748
5.955525930373034,26749
4.067647448202788,26750
2.9422858259052487,26751
2.5027110700235573,26752
2.3555649100197904,26753
2.2175937886455217,26754
26.706567774723055,26755
15.057542425724412,26756
9.789568215031936,26757
7.987639711881415,26758
7.359896487363751,26759
7.031682541372981,26760
6.92779758123058,26761
6.8647333804696755,26762
21.310803157211353,26763
11.805382653660963,26764
5.973080424852865,26765
4.060139046805521,26766
2.969409948277392,26767
2.5864886764908395,26768
2.4480552568291287,26769
2.366345151997614,26770
29.538692026147544,26771
19.61107042344867,26772
13.093606679583717,26773
10.170985569363276,26774
9.654134621773572,26775
8.009611300379099,26776
8.642281658317305,26777
8.143756211340376,26778
29.538692026147544,26779
19.61107042344867,26780
13.093606679583717,26781
10.170985569363276,26782
9.654134621773572,26783
8.009611300379099,26784
8.642281658317305,26785
8.143756211340376,26786
30.37134642347692,26787
18.72661359762583,26788
14.138129092711603,26789
8.830966145603691,26790
7.692066743403641,26791
7.425441415673352,26792
7.02732040431542,26793
7.018904075587815,26794
21.379390457910116,26795
11.714627049986948,26796
6.067490790958983,26797
4.0264083729540925,26798
2.8258059171016825,26799
2.4414232560396845,26800
2.362840433903224,26801
2.320661535070543,26802
21.513592246781425,26803
11.949078225375994,26804
6.211398453258272,26805
4.298257543761639,26806
3.1415362537218705,26807
2.834333285311663,26808
2.6933314610916463,26809
2.609546514970683,26810
5.124404511081503,26811
28.918572839429352,26812
17.299920071779813,26813
10.950313131503629,26814
8.49696404525309,26815
7.065160527141116,26816
6.104374059166816,26817
5.884170039246554,26818
5.743232402456006,26819
22.378336409613766,26820
11.494673819126827,26821
5.702187951497058,26822
4.026500218294798,26823
2.686382897109665,26824
2.269295831254544,26825
2.0987793243747213,26826
2.041019054399143,26827
21.094590921909173,26828
11.310448388599012,26829
5.343358391605084,26830
3.5777323561198338,26831
2.4682714896742053,26832
2.1221326731993826,26833
1.9668285485840755,26834
1.8874391042302392,26835
30.35847546489805,26836
22.18725167360441,26837
20.196682300082568,26838
12.977119582860494,26839
11.159743052261998,26840
9.391642494059484,26841
8.60215557177093,26842
7.84393803955826,26843
28.478696846861915,26844
16.459755128688435,26845
10.72725254851754,26846
7.77805199575046,26847
6.51213335424861,26848
6.129151980560996,26849
5.75541196913406,26850
5.6767516159909315,26851
11.190691763026408,26852
29.96421922082805,26853
22.02447850181545,26854
14.155296512075546,26855
11.475422023095861,26856
9.850188413275934,26857
8.624657083718033,26858
8.47086918689842,26859
7.707193041477853,26860
28.37765383646338,26861
16.84384740180869,26862
9.744054147218776,26863
8.06296682709463,26864
6.577106923192839,26865
5.996251802725105,26866
6.044080946400021,26867
5.883467674398652,26868
6.294011803288186,26869
6.183285481884795,26870
6.0982649679412875,26871
6.352904294622217,26872
6.601142928480803,26873
20.375039417385835,26874
19.77995019508739,26875
17.926435177760826,26876
17.719648237077067,26877
19.390233905669596,26878
18.734208259954258,26879
19.05299612491995,26880
18.717956595100688,26881
8.37305706201013,26882
5.174026281743172,26883
4.862373975765104,26884
4.049429629919106,26885
6.33491817605937,26886
22.208134932313264,26887
12.641727202336874,26888
7.611937060407357,26889
5.295694679497556,26890
4.1724785622655425,26891
3.6927701666499075,26892
3.542685338278241,26893
3.479765980550881,26894
21.016738546225746,26895
11.548047405969655,26896
5.926583799995688,26897
3.6912654512183036,26898
2.5138727682946427,26899
2.7392910377979134,26900
2.2562830313518134,26901
2.27610821677264,26902
21.431753939895245,26903
11.763656531221836,26904
6.103989188150894,26905
4.170069657059524,26906
3.0191024455476816,26907
2.58817576384467,26908
2.552148026984277,26909
2.370757319292038,26910
21.637085914005816,26911
12.46436006937694,26912
6.463437738931643,26913
4.545796598241096,26914
3.4658940425445386,26915
3.0087643567231916,26916
3.022470364370702,26917
2.972982357316524,26918
22.197427638357272,26919
12.606483428204106,26920
6.432105937252626,26921
4.457962747883235,26922
3.0433484899251857,26923
2.564158178741087,26924
2.2550579642343442,26925
2.3206213752006186,26926
21.837245746908845,26927
12.294920818583035,26928
6.6516877899806826,26929
4.537234970041063,26930
3.507137258265922,26931
3.184895573922833,26932
3.0524731133672773,26933
2.9510551652507035,26934
21.877717873770724,26935
12.432932863521575,26936
6.571773910848295,26937
4.721452008304068,26938
3.5116287719439114,26939
3.276918395401503,26940
3.1975296995558016,26941
2.971168393794447,26942
21.560243452125157,26943
11.781384544337309,26944
6.126326771398001,26945
3.9025951849774088,26946
2.9573844948178727,26947
2.6674150880999727,26948
2.512040443052449,26949
2.497083248502159,26950
21.45596676142858,26951
11.819184886628737,26952
6.346584233610321,26953
3.7194219494978444,26954
2.7980983290055166,26955
2.6652831194553968,26956
2.539204790443942,26957
2.5239986445083136,26958
21.30389727807702,26959
11.749004927712697,26960
6.027783375542435,26961
4.109447220789508,26962
2.9337981112921017,26963
2.582858604968541,26964
2.479112999800261,26965
2.4042979304298577,26966
21.242479757019183,26967
11.780666271229423,26968
6.020900518322315,26969
4.093532121962797,26970
3.0073854800221813,26971
2.707105421077081,26972
2.534898377267457,26973
2.449040813026109,26974
20.893576981807307,26975
11.24205592068492,26976
5.463318756335042,26977
3.6769850363384387,26978
2.5489609255386636,26979
2.331336790045945,26980
2.0229607905001363,26981
1.9703865479368627,26982
21.35909158936827,26983
11.757427088565294,26984
6.005712798034853,26985
4.124440958384604,26986
2.967202137153537,26987
2.7589554317047624,26988
2.5978008368548204,26989
2.5320974548611197,26990
4.9419389014454715,26991
4.116234756428074,26992
3.955920914343235,26993
2.333361978131369,26994
3.9320695504739764,26995
31.337896524858664,26996
26.785258836561294,26997
17.428740341011924,26998
20.281482424282085,26999
20.151181310069838,27000
21.14540623925909,27001
22.05689858342992,27002
21.53942612416392,27003
8.036924429138052,27004
7.539461440465108,27005
1.9334087794232386,27006
1.9782413253076705,27007
1.9334087794232386,27008
1.7930223884303471,27009
1.7930223884303471,27010
1.8477244521236948,27011
1.7930223884303471,27012
1.8456820405544767,27013
5.9106838974888385,27014
1.5054400022218692,27015
1.5097582433634391,27016
1.5507166700730186,27017
1.615330116630596,27018
1.516904011507831,27019
1.591413710011762,27020
1.5325489863323185,27021
1.381190341125897,27022
1.762723249423361,27023
2.3552799955647394,27024
27.143660640251607,27025
20.042993140073325,27026
12.168571591772906,27027
11.68244609593577,27028
10.40515160195603,27029
10.120841990071106,27030
9.768687888155965,27031
9.46179743265922,27032
22.756243658073362,27033
6.876363486310846,27034
4.2024694838932,27035
2.597203436108953,27036
2.194061783843224,27037
8.499860305210394,27038
1.2576826279095608,27039
8.61427188142641,27040
5.998145763892096,27041
6.112534549404985,27042
5.789067839113369,27043
8.686328496666981,27044
6.2857816003689075,27045
6.2894744082678224,27046
6.391025288646052,27047
3.1266198410735955,27048
2.572058285994295,27049
1.680895290930718,27050
1.4526227557293456,27051
2.978197678927272,27052
7.196302025045066,27053
21.02278917624752,27054
11.574835912080307,27055
5.976369929885263,27056
4.121933710315305,27057
2.9492821750820464,27058
2.656475526018496,27059
2.5225571789267596,27060
2.2797445117391697,27061
10.801513644937137,27062
7.8921580560447735,27063
6.989814579833344,27064
6.412145187541252,27065
20.670822414883997,27066
11.005749574205035,27067
5.299282479615971,27068
3.4306867079253878,27069
2.378086310147838,27070
1.9776569193207658,27071
1.8143743241898895,27072
21.351760953333674,27073
11.83344004861259,27074
6.143204321697785,27075
4.249124236297975,27076
2.984349908096581,27077
2.5519471790554595,27078
2.483602030513935,27079
2.3476275008240863,27080
21.351760953333674,27081
11.83344004861259,27082
6.143204321697785,27083
4.249124236297975,27084
2.984349908096581,27085
2.5519471790554595,27086
2.483602030513935,27087
2.3476275008240863,27088
8.730094126594752,27089
7.195186022293763,27090
6.6661701867413505,27091
6.4943734644126,27092
20.56769102426289,27093
10.994331405761335,27094
5.241680585967312,27095
3.247691098038363,27096
2.1155438333723584,27097
1.8098852822041027,27098
1.646238067465939,27099
1.5584752707329428,27100
20.51996995475585,27101
11.081097255201758,27102
5.375269349675288,27103
3.4220482438170596,27104
2.2628038728349336,27105
1.942044097233538,27106
1.8329793994286359,27107
1.7556628418124933,27108
8.319394691435281,27109
7.7773947504599565,27110
6.631520845121034,27111
21.371158930991765,27112
11.806603841376662,27113
6.217457526569739,27114
4.27922774582859,27115
3.1003179051725565,27116
2.737034195366178,27117
2.535287607963606,27118
2.508132168666855,27119
21.248152750771162,27120
11.683937834540613,27121
6.038264644822934,27122
4.136600244781416,27123
3.0462646496598507,27124
2.629058105646266,27125
2.503230344633964,27126
2.412414726482688,27127
35.331671723743206,27128
20.985910273616216,27129
14.166599491765755,27130
22.31208982408822,27131
12.721638170699743,27132
7.117343067171488,27133
5.076430558305954,27134
3.9420844553609506,27135
3.61854438820806,27136
3.47897741334397,27137
3.4004191120159852,27138
22.991887700600937,27139
12.737723665604143,27140
6.993291977415354,27141
5.093102086888082,27142
3.9406376147918896,27143
3.615160273025559,27144
3.46005792954201,27145
3.4053263502454123,27146
21.66080781764143,27147
12.086795923666664,27148
6.299140995208643,27149
4.43600165101368,27150
3.2980272947314897,27151
2.976180758295468,27152
2.837744277665976,27153
2.7514124995166607,27154
22.555029169044374,27155
12.413809906040544,27156
7.16520246630415,27157
4.670194450403709,27158
3.5162006214191135,27159
3.2123595322464706,27160
3.110998017701803,27161
2.954267327984985,27162
11.521724782657204,27163
21.065397011379034,27164
11.500442180605875,27165
5.768750771385604,27166
3.8345309121577964,27167
2.7006925396137014,27168
2.3845614328583147,27169
2.242719630553231,27170
2.158109479959972,27171
14.04074689162692,27172
4.343767274778559,27173
1.3807153108775743,27174
21.307053590350836,27175
11.731947518236225,27176
6.000352036892674,27177
4.110460897283957,27178
2.947722321612063,27179
2.635386951744289,27180
2.514545652941981,27181
2.4167282659130915,27182
20.97205229748885,27183
11.408417190122695,27184
5.621816063339833,27185
3.7516328254470066,27186
2.6060614120443444,27187
2.2783480803573744,27188
2.1390761961519456,27189
2.0422073041842563,27190
22.022399916902877,27191
12.108444532120421,27192
5.896885373198238,27193
3.968394631786272,27194
2.7488525652859668,27195
2.4629114276693,27196
2.3133892048342846,27197
2.258801369891315,27198
20.90007079715815,27199
11.206686114789784,27200
5.737804251462963,27201
3.6941154208573006,27202
2.516871948144919,27203
2.2755518112731954,27204
2.0262197630314827,27205
1.9938806299383551,27206
20.946067730533812,27207
11.388258381790656,27208
5.636619681447614,27209
3.776181165241538,27210
2.637291520039675,27211
2.3263405042297842,27212
2.1936370240522494,27213
2.1041540047677465,27214
20.970576256490496,27215
11.31050601299387,27216
5.633222440159977,27217
3.7725874840094873,27218
2.631319541470388,27219
2.333068788463618,27220
2.19301153690296,27221
2.0993811486999596,27222
20.661401620066943,27223
11.096155932957561,27224
5.357788263042837,27225
3.4452189264021875,27226
2.297695271184176,27227
1.981360441428068,27228
1.8384736363183785,27229
1.7610331570927575,27230
12.933489770220108,27231
77.09096998964819,27232
19.78992480719881,27233
14.420792414977445,27234
13.938033610950896,27235
13.209158403934582,27236
20.586408694281214,27237
11.235856348507612,27238
5.384585379382997,27239
3.3408094995524507,27240
2.167868940921717,27241
1.853173848578503,27242
1.7304881916067198,27243
1.6515277185617163,27244
26.34123355575946,27245
15.658020778837656,27246
8.519629474307681,27247
6.138921789933417,27248
4.693673289616204,27249
4.303388996697501,27250
4.105260685850596,27251
3.9774498762348456,27252
27.438609258592074,27253
16.146431836059858,27254
9.90184171520472,27255
6.108474965862668,27256
4.616904752819176,27257
4.337834325823184,27258
4.144793664289644,27259
4.007807138833515,27260
22.46537939061914,27261
12.967700131799992,27262
6.960952405915811,27263
4.492453729393538,27264
3.1085229169875745,27265
2.813390105242633,27266
21.698044924332137,27267
12.081981227773586,27268
6.378950265269677,27269
4.476341008880277,27270
3.345422171683492,27271
3.0077337500061856,27272
2.872996020148243,27273
2.7997290243084616,27274
21.80052360661014,27275
11.910451704494765,27276
6.220659995925815,27277
4.447189366014116,27278
3.210129242597305,27279
2.8561515600561163,27280
2.699439323935517,27281
2.623311418232648,27282
20.69684171456544,27283
11.052693481735115,27284
5.332837369841577,27285
3.4608730058643133,27286
2.2754715892186153,27287
1.9532957270092333,27288
1.8008038911032513,27289
1.705051647087317,27290
22.16866869281208,27291
12.95945532436671,27292
6.8536323282052,27293
5.113965130327916,27294
3.698119398583706,27295
3.242142435719304,27296
3.292844183631761,27297
3.1449565660219085,27298
28.650101379371197,27299
18.427997671122863,27300
10.670736650559615,27301
8.706078036224321,27302
7.978786745137073,27303
8.394500157351402,27304
8.013017402779273,27305
7.98520519529398,27306
27.96758930875799,27307
17.85950469191675,27308
10.197417764817274,27309
8.524038087882099,27310
7.132486008355505,27311
6.55428516274684,27312
6.277506714119114,27313
6.111350164664721,27314
21.647334279654505,27315
11.98417823594216,27316
6.218238472211591,27317
4.288444100514633,27318
3.140808535400292,27319
2.7912584099605366,27320
2.6847190308107223,27321
2.6011401140143637,27322
22.205142974418102,27323
12.648448051114253,27324
6.97047007831185,27325
4.972533588481592,27326
3.810070983004116,27327
3.5069702151372617,27328
3.376481715340593,27329
3.2740752350596947,27330
22.08201012385738,27331
12.49631730356761,27332
6.773673244220029,27333
4.861293395836621,27334
3.7065300067778186,27335
3.397396561926241,27336
3.247373162750511,27337
3.1631362174011985,27338
22.351389071048015,27339
12.765028602257571,27340
6.832474074990411,27341
5.02624231719868,27342
3.80299467138947,27343
3.5752537832406692,27344
3.3917191378738347,27345
3.317224352861888,27346
22.276181397987763,27347
12.712961675375388,27348
6.864152768292089,27349
5.073160955675786,27350
3.8369495554038595,27351
3.680275766021705,27352
3.4706322466873787,27353
3.4090481089871703,27354
21.904769596658948,27355
12.815560515431391,27356
7.3589703708249266,27357
4.646532099354909,27358
3.504208337008459,27359
3.158057869044604,27360
3.0189531249352672,27361
2.9235252122220112,27362
356.8800276416794,27363
150.9466248460786,27364
95.40957955987511,27365
75.5019183775672,27366
69.17511580215148,27367
20.403138236221487,27368
10.78558413674844,27369
5.099821844060979,27370
3.242342385210451,27371
2.0537902527009524,27372
1.7138988291510162,27373
1.5481951163690952,27374
1.4706999131840495,27375
264.82204464482874,27376
113.32025594238267,27377
70.85936733462557,27378
61.018869041307184,27379
52.61449197854742,27380
22.37276510420965,27381
12.266890992243784,27382
6.591945767913395,27383
4.853705394323015,27384
3.7570704792625658,27385
3.267910083790861,27386
3.1116224043333105,27387
3.0771357174158047,27388
49.4174436546287,27389
16.046987159287273,27390
11.83882862057988,27391
11.234520666693287,27392
10.135522636574569,27393
21.640209706586642,27394
11.918150307208187,27395
5.884540858082019,27396
3.7559676532941246,27397
2.6453354729083682,27398
2.249842229447605,27399
2.247140785942927,27400
2.2587462382857546,27401
20.737460065276373,27402
11.175347852947187,27403
5.452945007712543,27404
3.5265848897742256,27405
2.3874326988804495,27406
2.0772996085576314,27407
1.919158478575254,27408
1.8449112915361272,27409
21.634323008322482,27410
12.504805099642024,27411
6.459573574337893,27412
4.668261921493227,27413
3.4166566363351394,27414
3.0911356760506132,27415
2.9545241057524345,27416
2.876630707137405,27417
31.680314847239334,27418
16.45671925814787,27419
9.261506948458978,27420
6.216690040457218,27421
4.061604191857173,27422
3.593830787141085,27423
3.0337725291819746,27424
3.007927580000773,27425
18.18572008801425,27426
9.646557867210301,27427
5.187305441039301,27428
3.7006462455488407,27429
2.4905935988549253,27430
2.336033047054314,27431
2.1824172692654527,27432
2.1162011756183308,27433
27.292766220527266,27434
17.051383151615553,27435
10.31984564011591,27436
8.236540267511844,27437
6.544936973180859,27438
6.413622393706318,27439
5.9812057679244806,27440
5.965197640988513,27441
27.289214073541608,27442
16.268105637274832,27443
9.780178389362998,27444
8.083808152670368,27445
6.167017236137948,27446
5.804520092177829,27447
5.667064179834603,27448
5.56788389841557,27449
22.677968705227723,27450
12.577238846704617,27451
7.0741376918380094,27452
5.073413873913742,27453
3.9419962238360458,27454
3.522307425284566,27455
3.438241851423347,27456
3.3137971014810206,27457
23.051005856770757,27458
13.20399560829067,27459
7.159603144501881,27460
5.395980743127066,27461
4.051973112834568,27462
3.6043274816300617,27463
3.5885600296436517,27464
3.4551180634991607,27465
21.250388927060268,27466
11.935274551122527,27467
6.142133491198773,27468
4.044788212280834,27469
2.869978392749149,27470
2.5403343011957356,27471
2.376307859829343,27472
2.3378944085175815,27473
11.94388847829824,27474
8.996147497398473,27475
7.461278292800685,27476
6.6670655061528405,27477
22.0629507914784,27478
12.492892066774537,27479
6.925475554145393,27480
4.4660320988187125,27481
3.2812677392332907,27482
3.108357513545009,27483
2.8268730777628996,27484
2.8322581155161863,27485
21.72335181098889,27486
12.238517547854448,27487
6.243001672313416,27488
4.286800977798724,27489
3.1478462858679217,27490
2.8697983348472986,27491
2.716693879429739,27492
2.601687165732688,27493
21.681367534330356,27494
12.232466282871497,27495
6.211069080776788,27496
4.280433803699037,27497
3.1386940859109527,27498
2.8592057530832595,27499
2.72354764174787,27500
2.6300302659463917,27501
28.274644075720325,27502
16.39495371836506,27503
9.281021861399845,27504
6.906524137932973,27505
5.4874128708567165,27506
5.077056965934123,27507
4.890778412178299,27508
4.778476026214049,27509
28.35465695978203,27510
16.52013528738791,27511
10.801420003856258,27512
8.086328335112555,27513
6.385525506404687,27514
5.928197438289098,27515
5.8967339635147,27516
5.774716555638386,27517
22.30731402856438,27518
12.93922782943022,27519
6.882257630394557,27520
5.114046506760385,27521
3.9091840709688315,27522
3.7722228521944343,27523
3.515562519777005,27524
3.413181967722658,27525
31.54020152665372,27526
24.427139114446067,27527
16.554803966625368,27528
16.236824512352158,27529
13.454930884339811,27530
10.902132077519216,27531
11.535769848436898,27532
11.421983115173896,27533
30.186732329908633,27534
18.547732780744177,27535
11.787890759386604,27536
10.8206464851744,27537
9.390461501967083,27538
8.971500587557985,27539
8.804574575993595,27540
8.496376522027802,27541
21.40409530650885,27542
12.019548671387188,27543
6.021600838967019,27544
4.176299910281775,27545
2.958596692741517,27546
2.640405598112324,27547
2.552142358118526,27548
2.5162920866755893,27549
20.724386076054675,27550
11.057552914974936,27551
5.550705211239874,27552
3.5177165405411914,27553
2.306397304422594,27554
2.02289706273001,27555
1.8671464131094673,27556
1.876105813344774,27557
28.299641954776103,27558
18.084246287788403,27559
12.056205452586536,27560
11.054884245965447,27561
8.6114506531938,27562
20.934590425167034,27563
11.721501417060491,27564
5.841870541114481,27565
3.7918355432287676,27566
2.699516093887411,27567
2.4703451332486277,27568
2.4013055137725927,27569
2.370779627620101,27570
32.81865287880861,27571
23.890112611949103,27572
16.475894477559834,27573
13.862733986490223,27574
11.828931130617818,27575
11.734216733191655,27576
11.389352471633448,27577
11.356078555984453,27578
21.017207962023978,27579
11.272853677118608,27580
5.727692144291112,27581
3.8258820346138207,27582
2.6836264187224415,27583
2.362884517726784,27584
2.21820670313895,27585
2.1271394086626665,27586
21.971856301561477,27587
12.375159689881482,27588
6.550852834007311,27589
4.742013763108821,27590
3.5763914836831696,27591
3.250160367772473,27592
3.079213897763079,27593
3.054739628687457,27594
21.79670183425907,27595
12.169995883705715,27596
6.4958705569565405,27597
4.568904908675874,27598
3.296759764018975,27599
3.0851241602521355,27600
2.9430512536242244,27601
2.830917879407724,27602
21.288739285547386,27603
11.732216712901065,27604
6.0172041068413185,27605
4.11761825810022,27606
2.966063201398006,27607
2.630556422986638,27608
2.500673821780319,27609
2.4108767527133503,27610
21.28705321593361,27611
11.734552530447786,27612
6.016195514980753,27613
4.119781323287235,27614
2.964924292747726,27615
2.629747098458083,27616
2.4998465488901167,27617
2.4143491206247343,27618
21.601785421792933,27619
12.037607141474545,27620
6.292478302590065,27621
4.38454196820512,27622
3.2383218674644803,27623
2.921210305066914,27624
2.7792224922184707,27625
2.69583062168199,27626
21.36194829615531,27627
11.747702566553842,27628
6.070928227080598,27629
4.151678055345675,27630
3.0386089874063416,27631
2.714116389860388,27632
2.531929785870863,27633
2.4334676746139903,27634
21.367489065198384,27635
11.689031871398813,27636
6.036899610078481,27637
4.0159185424247354,27638
2.9184726328135913,27639
2.619181579506348,27640
2.4764640612665865,27641
2.3925686429052755,27642
21.473579895450815,27643
11.867119711301836,27644
6.157481125472263,27645
4.271979920706329,27646
3.1316524028666524,27647
2.839772156964703,27648
2.6696466321974537,27649
2.5765931620890616,27650
21.473579895450815,27651
11.867119711301836,27652
6.157481125472263,27653
4.271979920706329,27654
3.1316524028666524,27655
2.839772156964703,27656
2.6696466321974537,27657
2.5765931620890616,27658
30.56180754214739,27659
21.59058448396985,27660
15.61537710679145,27661
13.217096360323325,27662
11.355668651256027,27663
11.27993733272147,27664
10.679496292329647,27665
10.64825069655558,27666
13.412999579574523,27667
41.741282618741465,27668
51.116070425670635,27669
44.95713561673112,27670
44.50470519124406,27671
13.428902430550444,27672
20.75563583093,27673
13.000421519868729,27674
9.66290313421861,27675
5.959992538733431,27676
4.148261166696781,27677
4.118408405246493,27678
3.9493720608947727,27679
3.9844002442591706,27680
18.932085144555067,27681
11.17077085707193,27682
6.571275622409247,27683
4.90097090983759,27684
3.790609230148543,27685
3.3392400377269285,27686
3.093734696869442,27687
3.027405566715438,27688
22.27348745812481,27689
13.248774212407469,27690
7.017519030701315,27691
5.34890424643886,27692
3.7729668811721426,27693
3.7343411199570586,27694
3.4546870681769613,27695
3.4151152766212323,27696
22.573874818761198,27697
14.156646836393586,27698
7.7480156134327345,27699
5.755753639159561,27700
3.9336517009193144,27701
3.8172338071264442,27702
3.7104138072440684,27703
3.6689763477816215,27704
10.298115394014491,27705
20.784861527746592,27706
11.223087767753851,27707
5.482009302866526,27708
3.5564539117436875,27709
2.4230662738323203,27710
2.109326071072073,27711
1.9672116147266374,27712
1.8833966978703143,27713
22.252726361698766,27714
12.481692307971226,27715
6.603054610325599,27716
4.759155251548461,27717
3.809626295368776,27718
3.22362423835725,27719
3.2377124020038255,27720
3.178990818405816,27721
22.510187620946724,27722
13.058488740769961,27723
6.71241987912405,27724
5.114459495714405,27725
3.9534722776776974,27726
3.76502880413946,27727
3.512055973272297,27728
3.421688026517572,27729
22.37413864543121,27730
12.740326004069066,27731
6.47271386091217,27732
5.057338689026296,27733
3.845135696583392,27734
3.6127250289534296,27735
3.4516337995286643,27736
3.321791757971917,27737
22.061169131228798,27738
11.813559451645471,27739
6.281192391401435,27740
4.523568155927219,27741
3.57024246168468,27742
3.3599312618658423,27743
3.1122711088106394,27744
2.9873111307328966,27745
21.26840178422128,27746
12.259587378906016,27747
6.5009781048375865,27748
4.073851827596169,27749
2.9152381837863977,27750
2.607473024543121,27751
2.4423762772782447,27752
2.378980673532091,27753
21.374590491101,27754
12.665177178540489,27755
6.296501397508382,27756
4.30485003421263,27757
3.2508715689267156,27758
2.8582522631493603,27759
2.6724861977633636,27760
2.5892986762613015,27761
20.97425945791675,27762
12.734061845229375,27763
6.505323176916216,27764
4.366619810011005,27765
3.3403770480450956,27766
2.9780139684796167,27767
2.9269393820316694,27768
2.844576683639291,27769
21.675349079860162,27770
12.774789252230514,27771
8.058404046136799,27772
4.6526938868824805,27773
3.028341788932572,27774
2.6989133192573957,27775
2.4319520972754085,27776
2.3852096655522845,27777
18.680354314226133,27778
27.83011155255492,27779
16.544754159214467,27780
8.77255536408256,27781
6.518407834020529,27782
5.2357857678378625,27783
4.718993010964301,27784
4.521446531474786,27785
4.463485569057656,27786
27.60564948432468,27787
16.43963389435317,27788
8.725332874464467,27789
6.604878612528894,27790
5.240463857150167,27791
4.715279424082239,27792
4.523978794883011,27793
4.455553447764491,27794
26.767206015147448,27795
16.355057348448838,27796
8.834669956588812,27797
6.714971767004262,27798
5.363706611924803,27799
4.9087858846296,27800
4.665145615248876,27801
4.564726344527302,27802
30.102395288109363,27803
18.812222405369877,27804
8.512966181175875,27805
5.781183213662581,27806
4.524042069467982,27807
4.144624656936876,27808
3.895301585210815,27809
3.9234707705518512,27810
27.353582012607482,27811
15.849023758502826,27812
8.92265193900065,27813
6.878120050472728,27814
5.449494417795007,27815
4.880448952152445,27816
4.653483039393767,27817
4.540808561499006,27818
21.716181751061367,27819
12.246606560225029,27820
6.3318433088181845,27821
4.540853807689686,27822
3.3174842848919193,27823
3.0443245295228514,27824
2.89445211999634,27825
2.8594005873646053,27826
22.05638826507176,27827
12.085302285833789,27828
6.309741635788808,27829
4.294962199221925,27830
3.0712336125009956,27831
2.785559040406861,27832
2.60855760532426,27833
2.557463989101462,27834
21.798653134866356,27835
12.32337619329753,27836
6.544942989650564,27837
4.626396136095963,27838
3.394249210363259,27839
3.0960467034902024,27840
2.943180593147627,27841
2.80626266884542,27842
25.96689180818722,27843
10.528524730589941,27844
5.81993977115332,27845
4.290132141033576,27846
2.808514048903937,27847
2.396792015618547,27848
2.4668124194796257,27849
2.4728967087677747,27850
7.699426433334498,27851
34.30747296652056,27852
19.61184750377491,27853
13.907722703464815,27854
9.543506886712546,27855
7.024810542282614,27856
6.068127911268649,27857
6.015669467443142,27858
5.876117164889022,27859
26.52129338749107,27860
15.40031266006925,27861
8.764116381500266,27862
6.559805891521952,27863
5.331940242806348,27864
5.001828899986503,27865
4.7871641126482425,27866
4.695736529506776,27867
21.483232814250968,27868
11.910529612200143,27869
6.209714491641867,27870
4.354769480244028,27871
3.1094120129072085,27872
2.806081847841424,27873
2.7807646200251357,27874
2.899345872568327,27875
16.488514144033726,27876
16.114144963002143,27877
16.001405746622588,27878
15.516619487414573,27879
15.066474919279509,27880
16.700215657323696,27881
31.290169485708812,27882
19.209909842265535,27883
10.50689642268807,27884
8.694887204008843,27885
7.302110366951973,27886
7.0926652547410995,27887
7.135312611845963,27888
6.866631217064349,27889
22.285759627433503,27890
12.754632907949906,27891
7.077164243335352,27892
5.071951617094623,27893
3.945738055154041,27894
3.6360570607789096,27895
3.4822278581747432,27896
3.407098310360863,27897
26.894026223277503,27898
15.64050172451923,27899
9.105755334919076,27900
6.86563161417277,27901
5.581578280390768,27902
4.995978559474909,27903
4.886895550336719,27904
4.670599925986927,27905
28.121386739230086,27906
15.879346115313204,27907
9.14507082409028,27908
7.197835244320926,27909
5.779942941389105,27910
5.4994986506012,27911
5.424817370959507,27912
5.207982633189492,27913
29.104341757988063,27914
17.106912031187242,27915
10.1499455201035,27916
8.05379958457528,27917
6.611101551782103,27918
6.375774893330439,27919
6.159948722017976,27920
5.971358558863946,27921
22.94493257472235,27922
13.334618141689248,27923
7.534060860777305,27924
5.617972844635723,27925
4.474472863117178,27926
4.160337073833986,27927
4.02014305001812,27928
22.94493257472235,27929
13.334618141689248,27930
7.534060860777305,27931
5.617972844635723,27932
4.474472863117178,27933
4.160337073833986,27934
4.02014305001812,27935
24.05632419746816,27936
14.258469833150974,27937
8.564237502902282,27938
6.568620500798789,27939
5.270828089083616,27940
4.7908196581383855,27941
4.751076933796375,27942
21.629068493206834,27943
12.053479548011223,27944
6.315321612899873,27945
4.404030557646188,27946
3.254723326350237,27947
2.938255836950862,27948
2.7983083741438177,27949
2.7155705618085744,27950
21.31643798899614,27951
11.638696830134744,27952
5.865822679115947,27953
4.028566319537429,27954
2.8205651125641995,27955
2.483649987895131,27956
2.349256495963508,27957
2.2343124612682637,27958
21.03095804871702,27959
11.476818222863564,27960
5.749831075037249,27961
3.8534841834922893,27962
2.751356882626781,27963
2.4229854071471886,27964
2.2461381417946398,27965
2.219246958537413,27966
22.284838316017428,27967
12.729492124140167,27968
6.722062760281171,27969
5.066213827035542,27970
3.911693207141513,27971
3.603064589480891,27972
3.4525663101544115,27973
22.405929986759535,27974
12.71087477706217,27975
6.863914905170433,27976
5.123352970186993,27977
3.3951037746675716,27978
3.046183253308342,27979
2.690745152699318,27980
2.8020988124229613,27981
22.47321605825017,27982
12.790399109631357,27983
7.539302411375884,27984
5.395472824965175,27985
4.186192527661034,27986
3.7568272437097576,27987
3.584405953930615,27988
3.4949216984315434,27989
21.829039708636788,27990
12.362372589167927,27991
6.713771189188301,27992
4.696513347660364,27993
3.670279563935399,27994
3.225412534322428,27995
2.979266773526026,27996
2.9672889900515087,27997
17.117905478755006,27998
3.225432770380588,27999
22.14465456199361,28000
12.479194245194792,28001
6.271338203242483,28002
4.817515101071856,28003
3.180137892198931,28004
3.0779594674434145,28005
3.10840831490685,28006
21.303863403008247,28007
11.737512322875592,28008
5.99871948218144,28009
4.083088304940275,28010
2.9378928301530873,28011
2.621639418473508,28012
2.482619038123696,28013
2.395377926777761,28014
2.2791897853484655,28015
21.40349318657123,28016
11.823485944720913,28017
6.087331437641518,28018
4.1728558421699,28019
3.0260510909321208,28020
2.7069669394849263,28021
2.568256016316126,28022
2.4843977575543925,28023
27.360991866705938,28024
15.139097964994344,28025
8.682581326312093,28026
6.536036526324023,28027
5.179014365937607,28028
4.737586868845349,28029
4.56208088579525,28030
4.542921789140729,28031
19.08692757973175,28032
13.173065565425977,28033
8.866117891662391,28034
6.027889021232937,28035
4.257411293353851,28036
4.219284604495556,28037
3.780187801917297,28038
3.7063683366799833,28039
4.133830948157082,28040
2.9012041872414933,28041
2.8242857498900724,28042
2.7505295303433988,28043
2.7550855500489444,28044
297.2744672249857,28045
84.37838526315963,28046
52.50927932521344,28047
48.47605885460863,28048
44.79665806360221,28049
8.069362991354657,28050
5.322543884422305,28051
5.097742578608896,28052
3.9871318445136876,28053
22.619944358975076,28054
13.349287986526567,28055
6.578879759292894,28056
5.0568385685673665,28057
3.480343871966362,28058
2.932019752082008,28059
3.0322188951942826,28060
2.8908577894786984,28061
22.694580555815918,28062
13.0548986881155,28063
7.091298165776824,28064
5.173279650873468,28065
4.078410908892964,28066
3.799664553367815,28067
3.6464898865309467,28068
3.6833971611591467,28069
24.188829554726755,28070
14.023345032753493,28071
8.256234062825488,28072
5.610036927147568,28073
4.764382804528055,28074
4.51585629629237,28075
4.360871699547914,28076
4.4138490035390925,28077
24.188829554726755,28078
14.023345032753493,28079
8.256234062825488,28080
5.610036927147568,28081
4.764382804528055,28082
4.51585629629237,28083
4.360871699547914,28084
4.4138490035390925,28085
22.694580555815918,28086
13.0548986881155,28087
7.091298165776824,28088
5.173279650873468,28089
4.078410908892964,28090
3.799664553367815,28091
3.6464898865309467,28092
3.6833971611591467,28093
86.94843453637063,28094
22.134101956902295,28095
13.676692331136424,28096
7.86431508436778,28097
5.027250662092694,28098
3.6765632292812884,28099
3.2507909277582607,28100
3.1302494127676677,28101
3.056277930961607,28102
82.47766752007053,28103
15.148342652261826,28104
11.285706852297363,28105
9.13746118342926,28106
8.693369202091814,28107
22.590411734895447,28108
13.089630233886409,28109
7.161290950642057,28110
5.119825081328428,28111
3.820545046159045,28112
3.325612880881599,28113
3.124623115045462,28114
2.97930505480013,28115
23.304185030334473,28116
13.276315023090824,28117
7.34091553530007,28118
5.154105778075093,28119
4.326813850242572,28120
3.93915744799903,28121
3.7745936659000208,28122
3.624123996592297,28123
22.70554277531576,28124
13.242215018935411,28125
7.54946756694708,28126
5.5070468640235255,28127
4.188428630908851,28128
3.9594238872934606,28129
3.80871973585843,28130
3.6738053612836805,28131
26.623073832198777,28132
16.63847347219341,28133
9.776837650710235,28134
7.8218821591783465,28135
6.144813467999293,28136
5.741546700941448,28137
5.574479698809144,28138
5.434316128084329,28139
21.386699350500603,28140
11.747283304790386,28141
6.029905872654766,28142
4.129915543731733,28143
2.9913325506080692,28144
2.681156406370327,28145
2.5290117501047087,28146
2.4441867344422006,28147
21.386699350500603,28148
11.747283304790386,28149
6.029905872654766,28150
4.129915543731733,28151
2.9913325506080692,28152
2.681156406370327,28153
2.5290117501047087,28154
2.4441867344422006,28155
23.209885855372924,28156
13.764139099510633,28157
7.842572346372936,28158
5.825007355297598,28159
4.3928586266460625,28160
4.147330090083829,28161
4.007229834067047,28162
3.8986586748936243,28163
28.942051122814362,28164
17.388832308678754,28165
10.089111109411244,28166
8.18885585761727,28167
6.834414411810874,28168
6.618243721756746,28169
6.310312158926155,28170
6.24253885263575,28171
29.495732560444317,28172
18.138461717871046,28173
11.552672790363303,28174
10.005879314663026,28175
8.331505048585981,28176
7.676241232039376,28177
7.243307855711485,28178
7.050287796150111,28179
21.303863403008247,28180
11.737512322875592,28181
5.99871948218144,28182
4.083088304940275,28183
2.9378928301530873,28184
2.621639418473508,28185
2.482619038123696,28186
2.395377926777761,28187
2.9928486045048635,28188
2.393982786920794,28189
6.254435042758318,28190
6.20853746725234,28191
6.190432435565832,28192
29.11542640822234,28193
17.71346701070238,28194
10.51853474912422,28195
8.515620678737076,28196
7.051254808607708,28197
6.695020611272785,28198
6.3988686995502935,28199
7.797248291543526,28200
5.427408350739879,28201
28.592941648576115,28202
16.79848997175263,28203
9.714467033729989,28204
7.424940478022084,28205
5.975985873035639,28206
5.61881852600152,28207
5.446398307825459,28208
5.1882971104514635,28209
28.56692324016166,28210
16.66729323361278,28211
10.034197862520381,28212
7.248532838136411,28213
5.969537265030908,28214
5.740302120923462,28215
5.5133166566849505,28216
5.362446633177634,28217
25.846812527155752,28218
15.383379894699452,28219
8.803516687515588,28220
6.562213910260495,28221
5.332766614569554,28222
5.009776919728943,28223
4.7845830461652366,28224
4.713467970180832,28225
28.047544753608708,28226
16.249436387148066,28227
8.77827718348631,28228
6.663814536602158,28229
5.303213008621924,28230
4.915167596935917,28231
4.7221621747291165,28232
4.642185631862511,28233
104.08591922173487,28234
62.2042628834625,28235
40.433597147331994,28236
22.552700340654805,28237
21.869550709130923,28238
20.781131366051536,28239
6.779371827504101,28240
4.921918951222738,28241
4.772662281864221,28242
2.9867560411674763,28243
2.517873476065373,28244
10.0838445789927,28245
5.037217036621171,28246
4.715299877827561,28247
3.3711978344939344,28248
2.617267401752902,28249
2.4469646843416584,28250
23.503753385680703,28251
13.05700031440984,28252
7.770030960235826,28253
5.189987451334867,28254
3.7349016635129533,28255
3.557442939507934,28256
3.17819677824667,28257
2.9457524126391195,28258
37.100848484686715,28259
24.720333386729664,28260
23.24903033024619,28261
18.238125056012034,28262
27.582080970947075,28263
13.06838148608614,28264
7.114381529924192,28265
5.042461194460199,28266
4.043004642660891,28267
3.7072028433238375,28268
3.571520169796784,28269
3.540978184428249,28270
22.52427025938907,28271
12.613657098497864,28272
6.996996024043805,28273
4.829088555196171,28274
3.6894035796499565,28275
3.394565300753183,28276
3.20482584417026,28277
3.16471399794171,28278
28.20334251007897,28279
17.549293632552562,28280
9.195157663072294,28281
6.855423509755841,28282
4.847767272156331,28283
4.641625532477908,28284
4.523546450512015,28285
4.217217253973048,28286
26.623379023985773,28287
13.939710080276393,28288
8.562798930053454,28289
6.925078110699565,28290
5.264923138230508,28291
5.285672863658382,28292
4.8023803005699675,28293
4.600782736086992,28294
22.82572878480818,28295
13.289473177312182,28296
7.568769377757075,28297
5.57985692308613,28298
4.407711835196048,28299
4.155694564664569,28300
4.009633842976101,28301
3.927698483544906,28302
29.456330193287467,28303
18.006170617786903,28304
11.124654148283444,28305
8.050586905243266,28306
7.254583319957883,28307
6.576424059687115,28308
6.390022368092091,28309
6.303289449219708,28310
21.00982931935189,28311
11.980747060425657,28312
6.104916667091691,28313
4.217188422161144,28314
3.0861303291616577,28315
2.683935749646164,28316
2.558254137014764,28317
2.486949183315363,28318
22.096749758046894,28319
12.30324295257406,28320
6.565287589573968,28321
4.3314270431661175,28322
3.288946933398078,28323
3.0115058794977383,28324
2.9399155551727367,28325
2.838521734934963,28326
22.654168514692227,28327
12.837353845236404,28328
6.9241607723454495,28329
5.100400406613277,28330
3.9709714326363836,28331
3.5375739428857473,28332
3.481980068708008,28333
3.4364208653491257,28334
21.65306194688721,28335
11.988984414668796,28336
6.287482267801809,28337
4.454037173694268,28338
3.3312648340878876,28339
2.966532342812364,28340
2.750996512071107,28341
2.6564146287921213,28342
29.08919356698504,28343
17.487590874825827,28344
10.29735048224531,28345
7.958001010223471,28346
6.561689688468126,28347
6.1368904901224886,28348
5.960614747084791,28349
5.85091822144431,28350
169.06282908690497,28351
48.83482419449358,28352
19.12138182069943,28353
18.284115858440416,28354
15.387872470089206,28355
35.500577632436446,28356
21.85547313773497,28357
13.579623154471198,28358
11.88117924653007,28359
9.1237568132442,28360
8.995739389978539,28361
25.904334086937993,28362
14.095145202423753,28363
7.945824194822835,28364
5.869923320464197,28365
4.829765279279573,28366
4.176545180148482,28367
4.201914905900763,28368
3.851852772055722,28369
8.913619765609381,28370
7.698868149070132,28371
6.652579684351389,28372
6.664470327638054,28373
20.69684171456544,28374
11.052693481735115,28375
5.332837369841577,28376
3.4608730058643133,28377
2.2754715892186153,28378
1.9532957270092333,28379
1.8008038911032513,28380
1.705051647087317,28381
34.37778301275002,28382
15.154970804498639,28383
13.163187755237084,28384
11.683057687606341,28385
11.691847777897113,28386
22.318719958206596,28387
12.664188947842295,28388
6.531182420268158,28389
4.335462540420144,28390
3.203628251510882,28391
3.0277979377167488,28392
2.8362363360062943,28393
2.702324945292023,28394
28.710247898122624,28395
25.32070732454552,28396
17.517763338519558,28397
13.848701777970225,28398
13.218684886228083,28399
13.11193988902178,28400
12.677349062198521,28401
11.841527004192026,28402
22.905273045700813,28403
14.339038533659561,28404
7.369644790091968,28405
5.456719465000013,28406
4.044554019835924,28407
3.747747348029066,28408
3.7561552310432114,28409
3.4966604049938144,28410
133.48370116557618,28411
43.4362066562152,28412
25.489983978501627,28413
24.18542395498406,28414
21.129605260690727,28415
28.606046677663628,28416
21.323618156381684,28417
11.630307197427816,28418
13.249160443700147,28419
7.266767360417927,28420
6.743765228543498,28421
9.31513824208339,28422
7.985829563460775,28423
30.321916256957756,28424
19.262252586191774,28425
12.513564351800602,28426
9.375174290456252,28427
8.848472730306128,28428
9.277770976039688,28429
9.019441535195101,28430
10.56479078038853,28431
22.27287571390551,28432
12.52978574326201,28433
6.889454300937752,28434
4.935273515120725,28435
3.807898602174672,28436
3.607785157139852,28437
3.452137566319819,28438
3.3868903997343303,28439
59.91681750181351,28440
15.633505236213248,28441
14.77459222861577,28442
14.733255892825916,28443
13.418419533483684,28444
21.413015353414362,28445
11.777404785808045,28446
6.143985743273413,28447
4.281358904467924,28448
2.9963457030624516,28449
2.7405053357082196,28450
2.6285399706392423,28451
2.5983554524210244,28452
23.352229273884266,28453
12.000384972912823,28454
6.043550403857966,28455
4.17284074927593,28456
2.937009658716202,28457
2.694437897240773,28458
2.600785146416972,28459
2.367412608748647,28460
22.7235459030528,28461
12.566243109378064,28462
6.7658205611906235,28463
5.109978628076497,28464
3.3668637810261197,28465
2.8249733617726513,28466
2.9605664812091192,28467
2.8972854289893006,28468
26.383496155112145,28469
15.3409140758931,28470
8.639056300128495,28471
6.223048042688909,28472
4.810756131368303,28473
4.265955189115317,28474
4.244086016601707,28475
3.9865174544154356,28476
24.126895830548538,28477
13.506072415683407,28478
7.433535066995866,28479
6.09445822295537,28480
4.545927800942772,28481
4.146389168248862,28482
4.069634015551954,28483
3.9168303904368065,28484
21.739532854105473,28485
11.935697496135607,28486
6.175403196260265,28487
4.261637679572809,28488
3.1808068525127204,28489
2.829116432517678,28490
2.674410495669054,28491
2.5964744653775513,28492
27.915496610616433,28493
17.174714647930088,28494
9.499487527578294,28495
7.435277687435178,28496
6.309262922337003,28497
5.935069949437526,28498
5.772260007160039,28499
5.685076110850971,28500
25.977213018507094,28501
15.691753253202876,28502
9.5295818975676,28503
7.495681891914031,28504
6.272529781025357,28505
5.929742593195244,28506
5.82880389361831,28507
5.766016399832401,28508
29.882098116841977,28509
18.12485008611547,28510
11.340774551535954,28511
8.813473908760512,28512
7.092215649883208,28513
6.610766484249495,28514
6.548271525720135,28515
6.457687281175327,28516
22.527045588420783,28517
12.24322746426255,28518
6.554982988600881,28519
4.623334236937997,28520
3.5040348743521847,28521
3.064432350425466,28522
2.941238243784941,28523
2.8676097211445186,28524
23.05822807704324,28525
14.713007252144104,28526
8.317526601623932,28527
5.887246686275317,28528
4.641902747692585,28529
4.332782386796837,28530
4.184387749748824,28531
4.406506722048499,28532
21.84351367156165,28533
12.107421951771045,28534
6.230988087145242,28535
4.240674598239625,28536
3.050031132288405,28537
2.75293014927036,28538
2.597859798357124,28539
2.519979476908458,28540
21.912134753095906,28541
12.28254114414853,28542
6.539652258262157,28543
4.524495218926374,28544
3.3609130512711087,28545
2.952722197832215,28546
2.8548531977242764,28547
2.820898371198978,28548
21.03676356782636,28549
11.440791164761222,28550
5.689788265263213,28551
3.728046261092588,28552
2.6591274431511343,28553
2.3326386746214305,28554
2.179799527363487,28555
2.0966737715486428,28556
21.45869682816445,28557
11.904950349294719,28558
6.160500547323727,28559
4.2390054050755905,28560
3.0954338109139763,28561
2.776241544680245,28562
2.628417646460877,28563
2.555603984962448,28564
21.107505826790437,28565
11.792354322453468,28566
6.242602866635396,28567
4.238886162778838,28568
3.1599608307879374,28569
2.7765917610292776,28570
2.5299282399536698,28571
2.2980777621941657,28572
19.696167509930635,28573
5.771519804495413,28574
1.9894617046890193,28575
22.90945602819197,28576
13.42296440026145,28577
7.072418525414308,28578
4.6582549587682225,28579
3.689346010232851,28580
3.327339379225417,28581
3.218205515917952,28582
3.0527676061920106,28583
24.037834760200493,28584
14.273556927525574,28585
7.8539875003579205,28586
6.091516205537387,28587
4.6178564179400166,28588
4.266478678006551,28589
4.215854665861039,28590
3.967410089384061,28591
21.970765536461595,28592
12.4886340375744,28593
7.109709114591352,28594
4.821601440615923,28595
3.5716425409686035,28596
3.309309181290519,28597
3.271317813867963,28598
3.1891706424009,28599
21.94023288030186,28600
12.34414524397655,28601
6.600771364683434,28602
4.706041101328937,28603
3.563835502401061,28604
3.2256679503143193,28605
3.0885875133670586,28606
2.998432348009161,28607
21.698040385181706,28608
12.042092688527097,28609
6.535932106854503,28610
4.886098204969188,28611
3.3946080615374163,28612
2.9155654737620376,28613
2.8030051943425494,28614
2.513211464025274,28615
21.41559024735561,28616
11.687837876386823,28617
6.092933087392137,28618
4.188207728871032,28619
3.0380525992190264,28620
2.715820722712167,28621
2.56797997654746,28622
2.4885254641017704,28623
29.155391672160917,28624
19.83287607726508,28625
13.386904239764444,28626
8.382260347253805,28627
7.79761040323518,28628
7.414622318422298,28629
7.730058462289159,28630
7.259364697947275,28631
27.750309334668614,28632
17.948847513341853,28633
10.885790979038397,28634
8.525178342922896,28635
7.092905021457433,28636
6.674007567851134,28637
6.48529935194843,28638
6.367699561839155,28639
22.373991798887193,28640
12.989754627688042,28641
7.164544025509977,28642
5.124538330154375,28643
4.042546172666828,28644
3.908097297480241,28645
3.7149801606020745,28646
3.623008483468577,28647
22.18906618771235,28648
12.47051111602638,28649
6.653595465861319,28650
4.832281786914728,28651
3.830451304963325,28652
3.301883990876409,28653
3.2564917988179465,28654
3.2261266530258923,28655
28.495942869237734,28656
16.292369459713374,28657
9.281352572277035,28658
6.826886606488328,28659
5.3860283253363175,28660
4.919927231043294,28661
4.625660820204259,28662
4.5534838529791735,28663
27.99746652939045,28664
16.29510604588651,28665
9.324430993972582,28666
6.942889211835423,28667
5.4539223411149,28668
5.084304072486604,28669
5.003677848204244,28670
4.874132067646216,28671
21.53839321895803,28672
11.689307565649333,28673
5.853350878727768,28674
3.704701768219817,28675
2.5413325474437385,28676
2.1966366582456023,28677
2.114166834335998,28678
2.1496076191317104,28679
28.046256366995078,28680
16.24867237494459,28681
9.050759439862366,28682
6.651562464457343,28683
5.300749826404256,28684
4.9178942490328765,28685
4.727638963641922,28686
4.5879209765736775,28687
22.323617039499073,28688
12.633881479467068,28689
6.695792117228286,28690
4.804109248943087,28691
3.3059375888365934,28692
3.089289816232585,28693
3.027539848814649,28694
2.9377064272862383,28695
21.489041303357265,28696
11.903475904814877,28697
6.106621289201123,28698
4.014531622935041,28699
2.9038552188554707,28700
2.601032771873824,28701
2.448527336354443,28702
2.3771830399334513,28703
27.863356099293206,28704
17.49165070907172,28705
10.596995811244588,28706
9.47987795954714,28707
6.907360045575726,28708
6.40029093670804,28709
6.213084686986072,28710
6.199667288741078,28711
22.159796158101422,28712
12.123668621088273,28713
6.796296883929176,28714
4.856690415185103,28715
3.6648015064037156,28716
3.3662233717204937,28717
3.368013500354629,28718
3.2811244933878596,28719
156.30855411689035,28720
54.12976517908662,28721
28.60296600175609,28722
24.89082174219893,28723
22.598231129175947,28724
20.533334286455183,28725
10.012801545158261,28726
5.144907995713214,28727
3.5832965261001113,28728
2.918516785638838,28729
2.398962057037325,28730
2.202396681705227,28731
2.091250020430712,28732
21.688565846302808,28733
12.618078397418662,28734
7.017999675283502,28735
5.176727727842111,28736
3.940412647358649,28737
3.6342304538317665,28738
3.2145873959192524,28739
3.3896946368867384,28740
8.607145327127256,28741
22.00832279429089,28742
12.528371160031194,28743
6.9709478292776135,28744
4.7868695364785125,28745
3.623846662140837,28746
3.3014601104714787,28747
3.1654101371111985,28748
3.063065258336082,28749
168.20638804830165,28750
46.1165268155685,28751
76.69462002700578,28752
45.071646472837045,28753
42.463042426025886,28754
21.796013560561722,28755
12.127599136504186,28756
7.005326162025115,28757
4.724294030115009,28758
3.692340556163213,28759
3.3474872220616443,28760
3.248883438889866,28761
3.115492584693863,28762
21.39269234476469,28763
11.828646827531824,28764
6.087381081446006,28765
4.174236752482954,28766
3.024946528478884,28767
2.712630590285994,28768
2.5707564711514896,28769
2.487188711438734,28770
21.552010632648155,28771
11.992924661950036,28772
6.247488295878405,28773
4.371103443688728,28774
3.2595558009241863,28775
2.980097588597666,28776
2.852674445791326,28777
2.7507214829548063,28778
21.552010632648155,28779
11.992924661950036,28780
6.247488295878405,28781
4.371103443688728,28782
3.2595558009241863,28783
2.980097588597666,28784
2.852674445791326,28785
2.7507214829548063,28786
25.439439437495228,28787
17.92306417852552,28788
6.564245464180878,28789
4.596725593021894,28790
3.409724257977291,28791
2.474018957341774,28792
2.1505965474460607,28793
2.0062105766285394,28794
25.766760800143786,28795
21.7176960835155,28796
6.775677596059376,28797
4.254314818785267,28798
3.13624779126217,28799
2.4599755794194635,28800
2.008965126971791,28801
1.9920437392318635,28802
21.29793199934956,28803
11.745322277214637,28804
5.930985155891572,28805
3.879217514404513,28806
2.7874723904745755,28807
2.432134725540314,28808
2.340487979900614,28809
2.304368899637706,28810
22.08927770336534,28811
12.094058039188617,28812
6.376760585400242,28813
4.452426993321724,28814
3.287574517498019,28815
3.005068005270295,28816
2.857156750581757,28817
2.8117238339155324,28818
21.102764729608545,28819
11.57474819266596,28820
5.812876964768771,28821
3.896515850343708,28822
2.7544534426191998,28823
2.4389379870012893,28824
2.295475864909895,28825
2.215569148523643,28826
22.21284427071708,28827
12.258360149842154,28828
6.260755416809394,28829
4.382701023059397,28830
3.2304216378063977,28831
2.9136441827430515,28832
2.800087791246221,28833
2.7100146445782283,28834
14.759505985692785,28835
23.060411078137808,28836
13.406862217433092,28837
7.649029109202336,28838
5.6758986251857415,28839
4.753066083886395,28840
4.422067518417967,28841
4.243538108100234,28842
4.178527195639611,28843
22.465621879615018,28844
12.899897299367543,28845
6.932334646454159,28846
4.869848232427862,28847
3.7063331683979763,28848
3.3812871928434074,28849
3.2726713685225177,28850
3.1253160780387588,28851
21.26021004474244,28852
11.613522324088533,28853
6.10326534982528,28854
4.366709353627324,28855
3.1888640542014937,28856
2.8422632437572584,28857
2.647737785466101,28858
2.570290925349149,28859
21.622910330420833,28860
12.58480918899949,28861
8.235471532134499,28862
4.691625913323801,28863
3.6015121469293834,28864
3.31927363946822,28865
3.412446000628617,28866
3.28122502258599,28867
21.81752007256511,28868
12.163025676327154,28869
6.261015433562962,28870
4.335354949256804,28871
3.322386173677842,28872
2.9692341324000107,28873
2.839230253613231,28874
2.764974126831193,28875
22.184275101971096,28876
12.791053680755933,28877
7.337232195889114,28878
4.834154782578818,28879
3.935574962262,28880
3.5447949134369163,28881
3.299035738595014,28882
3.2826239230184426,28883
131.492245324675,28884
82.74380482757371,28885
63.65785744060354,28886
23.85024137412787,28887
13.087345925826115,28888
6.918759676119521,28889
5.051300981444611,28890
3.623239049244073,28891
3.3583058106827783,28892
3.1909075508023146,28893
3.2671590738143363,28894
23.854359139793228,28895
13.332795807624413,28896
8.325316344127078,28897
5.526787517165661,28898
4.686973328495883,28899
4.191030540816083,28900
3.8724390316566266,28901
3.8548380377374523,28902
22.55946040580863,28903
12.68049220563316,28904
6.864068095376131,28905
4.876962612790629,28906
3.7832386825154867,28907
3.4299726629870175,28908
3.24284181515877,28909
3.1404695567209453,28910
21.667663699816686,28911
11.879708370874974,28912
6.088818821568721,28913
4.187847694913209,28914
3.0302842482277597,28915
2.721666889092776,28916
2.577612781171846,28917
2.4916354290284115,28918
22.21134181453564,28919
12.320129994530616,28920
6.567732771991792,28921
4.61196349944732,28922
3.4516314698662955,28923
3.065219889145933,28924
2.9307693245946806,28925
2.862871863420913,28926
21.324280594349595,28927
11.757776671202574,28928
6.020362245278098,28929
4.105978230664029,28930
2.9602953191935173,28931
2.643184273657749,28932
2.503785220683187,28933
2.4206756538782512,28934
21.304077755419108,28935
11.732685895558578,28936
5.995164850168618,28937
4.081534848662812,28938
2.925681701655588,28939
2.6213610440899577,28940
2.4801757407044938,28941
2.3912330368899553,28942
12.233741773403468,28943
9.33803391683893,28944
8.759035183716183,28945
8.132434626992758,28946
20.73414293273755,28947
11.18484983202116,28948
5.459270274375059,28949
3.5408622505052945,28950
2.3947311494392665,28951
2.0845905109381513,28952
1.9455525831551186,28953
1.863756242525341,28954
21.39375476857919,28955
11.824420138160507,28956
6.22621444038415,28957
4.406683974999825,28958
3.2114843020830257,28959
2.7117236956426494,28960
2.6749986791598728,28961
2.627775092254644,28962
21.375014010534944,28963
11.870555843156243,28964
6.282553707563642,28965
4.130963952948464,28966
2.992065013804794,28967
2.6423146176941317,28968
2.4315417653721316,28969
2.3581798809320937,28970
21.43958706616062,28971
12.22968977981102,28972
6.063330804826796,28973
4.386599662556708,28974
3.365167947001316,28975
3.0111577901166218,28976
2.866960604708815,28977
2.7824839331073115,28978
3.1532896926765708,28979
2.6250495306483144,28980
2.2343695648792385,28981
2.1634631059756577,28982
2.148977834348746,28983
8.093789924763843,28984
10.229840271586188,28985
10.596193387796543,28986
7.7866482397621315,28987
6.661025480472152,28988
5.008744464125476,28989
4.67886544361598,28990
3.784688556184796,28991
20.8558577391746,28992
11.250289214494225,28993
5.58957282989071,28994
3.707537390975766,28995
2.531281309664146,28996
2.219143693707214,28997
2.06317668265797,28998
1.9926928778858364,28999
21.683645313483325,29000
12.079605964310897,29001
6.356036946576616,29002
4.43148321365902,29003
3.289372077138862,29004
2.995523895436703,29005
2.8650209493202663,29006
2.7639272572077407,29007
35.23724528392639,29008
15.790937874536166,29009
6.508037818989682,29010
4.267676501707767,29011
3.570592994168028,29012
2.9422174169485644,29013
27.656912972649767,29014
17.204331274582643,29015
8.897439326748303,29016
6.554201861906866,29017
4.248203768445127,29018
4.26311862177889,29019
4.565749962256881,29020
4.126465435215187,29021
29.372471048183456,29022
17.50834756540189,29023
10.231217974124036,29024
8.161427437905237,29025
6.597850331475383,29026
6.311426100240362,29027
29.25551471677837,29028
18.078356767940573,29029
8.880275479696316,29030
6.450925862145684,29031
5.718956018161344,29032
5.429064259370488,29033
27.84249162344687,29034
16.283150469916176,29035
9.197030380058257,29036
6.967982255408264,29037
5.846225040127837,29038
5.411947891445411,29039
5.336362521353942,29040
5.185367815853046,29041
28.21206728261242,29042
16.874808441948076,29043
10.447588188939106,29044
7.622914639522017,29045
6.2291524920421475,29046
6.038087763024056,29047
5.763924586165025,29048
5.5742997100041025,29049
26.61418844596641,29050
15.677529234539886,29051
8.363640982520684,29052
6.572665047358313,29053
4.636994656898665,29054
4.52822038555415,29055
25.050014809156437,29056
14.862456353566332,29057
8.749753225554834,29058
6.70838339499544,29059
5.5064613209212245,29060
5.14592133631696,29061
4.9943366158216005,29062
4.8990647999801435,29063
28.87701980490486,29064
15.621761932261546,29065
9.016170691354077,29066
6.798717771778021,29067
5.375193914029646,29068
4.762425301060631,29069
4.636744496623517,29070
4.514874698405117,29071
25.213397126632678,29072
15.022876252725611,29073
8.945242971403735,29074
6.638058221882671,29075
5.380385784783423,29076
5.338176963021946,29077
5.230338495336315,29078
5.085941505017462,29079
25.523910472290286,29080
15.600950469736185,29081
9.370810871761606,29082
7.850142161432964,29083
5.963868851090913,29084
5.734780821477204,29085
5.543462814785317,29086
5.35193056483075,29087
28.660438781536033,29088
16.808549535397148,29089
11.028591665572764,29090
8.853842102709702,29091
6.91799182784182,29092
6.821255818289608,29093
27.50628749582783,29094
16.593186244497343,29095
10.313190560080328,29096
7.494546783153168,29097
6.079033255836571,29098
5.847818417590784,29099
5.654379681323122,29100
5.547645778070613,29101
26.664322550450535,29102
15.58227692179823,29103
8.462293736901339,29104
6.17808188793274,29105
4.9193820133894,29106
4.385901064916966,29107
4.066640525984012,29108
4.005445467334382,29109
28.692105267419016,29110
17.587440971798458,29111
10.231543490465814,29112
8.043927225877932,29113
6.637492863057292,29114
6.273581857252394,29115
6.085056694930542,29116
6.033229231911868,29117
28.118523195046354,29118
16.502335536469527,29119
9.449340567963176,29120
7.1000311418828606,29121
5.534275656553831,29122
5.271154076923346,29123
5.0838752155818865,29124
4.925192167800816,29125
28.7171226232618,29126
16.61572276785821,29127
8.640105795038828,29128
7.002084274642032,29129
5.584699778312706,29130
5.25222298196557,29131
28.928629559213697,29132
17.112037384388756,29133
10.061712900833951,29134
7.703718168673493,29135
6.154651923875379,29136
5.929739059842972,29137
5.783250419077999,29138
5.508949203093542,29139
28.12070492444015,29140
16.75004665446025,29141
12.256524614888905,29142
8.009550885128698,29143
7.223109692006078,29144
7.10741812230971,29145
6.77737965734083,29146
6.521303477923354,29147
26.71944399112182,29148
15.30057137560812,29149
9.475016877453728,29150
7.502521688456253,29151
5.8782037916162855,29152
5.485007144164926,29153
5.475735701372105,29154
5.540126945576749,29155
21.790497288572784,29156
11.74107822516147,29157
5.906761200312398,29158
4.467165348997788,29159
3.0523182680273178,29160
2.7744537255066866,29161
2.7339614997256496,29162
2.5476974010050437,29163
23.800777424249834,29164
13.14500462320515,29165
6.969462513876314,29166
5.702390678241132,29167
3.859774148769243,29168
3.2869067895319843,29169
3.1368601602674886,29170
3.237565426845745,29171
29.238154408113456,29172
16.533781037636395,29173
9.396345578821759,29174
6.7469476721507595,29175
5.468706218538968,29176
5.127897741256321,29177
4.9157976365210345,29178
4.82926196921703,29179
28.176940208958023,29180
16.33415685369638,29181
9.63546921586921,29182
6.7911467273107835,29183
5.516202150264731,29184
5.1415023756425215,29185
4.848186283383326,29186
4.736678366568023,29187
27.53971919299219,29188
15.942422698411619,29189
9.264579207106728,29190
6.848580696451671,29191
5.322866095779404,29192
4.975421694540199,29193
4.873870085788776,29194
4.739613625464501,29195
28.673290337954835,29196
17.44010747455716,29197
9.02866239648216,29198
6.756796091837787,29199
5.455047817468737,29200
5.154877785305432,29201
27.828538246538557,29202
16.762468953273494,29203
9.454985211690127,29204
7.282245215979831,29205
5.986612000377883,29206
5.589223398842334,29207
5.354051841187983,29208
5.218783982197928,29209
29.164498789223476,29210
16.689154366739537,29211
8.91299940723462,29212
6.544826784859609,29213
5.451484619558694,29214
5.191909964117701,29215
26.151361333134954,29216
15.253031088491428,29217
8.841744526234233,29218
7.137959577761653,29219
5.979015382405696,29220
5.755388397634605,29221
5.456297955075292,29222
5.410057912450569,29223
25.48403582026922,29224
15.163535129456825,29225
8.828689826647484,29226
7.068162892889012,29227
6.112158540711108,29228
5.586249699529972,29229
5.384347989732317,29230
5.286239076309427,29231
25.813336379991327,29232
15.292258788187329,29233
9.414715186405749,29234
8.395400644633483,29235
6.189332977607654,29236
5.608222594444856,29237
4.977022852432641,29238
5.243491376151901,29239
27.054708188734867,29240
15.894404308414789,29241
11.294338168315775,29242
8.58877587407469,29243
7.354029942263489,29244
6.466098660754013,29245
6.341574144909125,29246
6.376395666132431,29247
27.428150293965242,29248
15.926838255761519,29249
8.857158520019217,29250
6.426468090223259,29251
4.996854350852586,29252
4.601928203666124,29253
4.415612474730486,29254
4.282318413559502,29255
24.933240409366736,29256
14.703853497441576,29257
8.544342897764526,29258
6.415266515628784,29259
5.172598054455747,29260
4.85889653356502,29261
4.70374069374038,29262
4.620069435223086,29263
26.16493295851467,29264
15.696534332476974,29265
9.60417197301762,29266
7.575915341164302,29267
6.245039117851752,29268
5.911784991570399,29269
5.801256203448561,29270
5.712942340087877,29271
28.329077918482398,29272
17.526522254577287,29273
10.599717924661567,29274
8.218954632713617,29275
6.773961052226183,29276
6.527827607884976,29277
6.222298640296605,29278
6.232739425843618,29279
21.269466332443546,29280
12.117069255454677,29281
6.3333398877889975,29282
4.0522601080802945,29283
3.105073589053825,29284
2.5808372125798167,29285
2.4592503903349345,29286
2.363013703972611,29287
23.72557992016062,29288
13.060294815969296,29289
6.640414544228146,29290
5.091844912680047,29291
3.6955884513940616,29292
3.4178397028936875,29293
3.4382031561854105,29294
3.3358953459246607,29295
26.82213518433393,29296
16.373230928986278,29297
9.285717552332043,29298
6.082745567201341,29299
4.588228281221313,29300
4.33138095041574,29301
4.152243127278925,29302
4.008439574069167,29303
27.360065586067932,29304
15.968943089615443,29305
8.676896521385952,29306
6.134555584391511,29307
4.669013170520016,29308
4.427544647711961,29309
4.221700243585266,29310
4.114589095469776,29311
11.75272180616165,29312
25.714685101350256,29313
15.260952366795081,29314
9.536477100579491,29315
7.793704494823855,29316
6.464741600209466,29317
5.633188400492969,29318
5.567093672365002,29319
5.515356761914882,29320
26.574339947693314,29321
16.653211681228825,29322
9.663204097177395,29323
7.692440783161859,29324
5.857558746127577,29325
5.43166993579777,29326
5.363128862019738,29327
4.964704394674689,29328
34.1468182015088,29329
17.752650126517782,29330
9.081085933442335,29331
5.94897058930556,29332
4.377780984340617,29333
4.322785478236341,29334
21.095162239828642,29335
11.600927750356991,29336
5.811367820474022,29337
3.890346357474591,29338
2.7535002220575544,29339
2.436243176613265,29340
2.296277821474061,29341
2.218863788002177,29342
20.942472729458736,29343
11.490505782824922,29344
5.737227964540481,29345
3.8319169622672424,29346
2.6826762968341935,29347
2.3856100116459538,29348
2.241963192806928,29349
2.152041194590586,29350
21.738596607702124,29351
12.174851730382601,29352
6.431399113269264,29353
4.504406660851427,29354
3.375319164185255,29355
3.0570165085139167,29356
2.9158525690916495,29357
2.8321840666789315,29358
21.804485136919443,29359
12.183357438659124,29360
6.5016007192291,29361
4.5668228560495265,29362
3.4068135294107633,29363
3.0937328384290854,29364
2.951341006220607,29365
2.8573282294348945,29366
21.789986958511292,29367
12.179254627721537,29368
6.493684470057232,29369
4.570905678453045,29370
3.405401412848571,29371
3.087281081162133,29372
2.952394843008371,29373
2.8673347892978365,29374
21.505688623694308,29375
11.940155770654053,29376
6.200794033016855,29377
4.290242518280287,29378
3.1411407976609556,29379
2.8267455109594963,29380
2.6794999712977465,29381
2.598497607373453,29382
21.502591208599938,29383
11.842213628949189,29384
6.170182074894911,29385
4.2103124977726285,29386
3.086800967599726,29387
2.762293870928593,29388
2.6196602141668834,29389
2.5538858753511655,29390
20.975253588776283,29391
11.262895890861444,29392
5.596826855820076,29393
3.6995536190673617,29394
2.5591612026085597,29395
2.253471982283172,29396
2.1331403524577097,29397
2.0479344941287794,29398
28.298602022975366,29399
15.885198564754766,29400
8.063012094874162,29401
6.479243073720141,29402
5.025614012120914,29403
4.602549744767861,29404
4.509765722298483,29405
4.455945646083123,29406
24.55465436174937,29407
13.908254752735427,29408
7.506758793840694,29409
5.989346488375051,29410
4.820128772522571,29411
4.939704421358592,29412
4.678233230939571,29413
4.378702464210155,29414
308.55493258486894,29415
122.56270178835656,29416
67.3407610354288,29417
62.43438489585032,29418
58.00447831310945,29419
22.486843359428075,29420
12.972795319989299,29421
7.102513543480718,29422
5.291699478879262,29423
4.134658673782776,29424
3.816716049776586,29425
3.69670315887633,29426
3.645559013683059,29427
22.33140745574956,29428
12.728337829721703,29429
6.930509519694405,29430
5.077261338510951,29431
3.9183058304787495,29432
3.6099610709766217,29433
3.4913627274045407,29434
3.400346149146067,29435
21.90677131456116,29436
12.341142191674779,29437
6.604808474581872,29438
4.685119712200377,29439
3.5453541292298967,29440
3.2277917179372295,29441
3.0840579610350627,29442
3.000732743679662,29443
22.145459726117203,29444
12.488247709404881,29445
6.910525494789296,29446
4.866667447956003,29447
3.6871927189361866,29448
3.394373527251308,29449
3.2565393327574865,29450
3.174119498557303,29451
21.399690000085236,29452
12.081049672941298,29453
5.994519724724132,29454
4.098680827907802,29455
2.9664309687020634,29456
2.6686675619448406,29457
2.506995275430082,29458
2.426381327545099,29459
21.277764300985776,29460
11.71772141892548,29461
5.970191149387035,29462
4.064641514964278,29463
2.9179234921913704,29464
2.6072673904316046,29465
2.4675500668398107,29466
2.3770987887814523,29467
21.760479209864513,29468
12.13437999481517,29469
6.309331431656158,29470
4.488836568175903,29471
3.315469326209272,29472
3.03700709761309,29473
2.941821110890203,29474
2.921208376208974,29475
21.503535958275524,29476
11.923712731112918,29477
6.223671433752967,29478
4.42974901782983,29479
3.2672196988393893,29480
2.9389490403434513,29481
2.8010907115442563,29482
2.709529438735875,29483
21.5470059775795,29484
12.043636513229911,29485
6.345844288545774,29486
4.423439551850256,29487
3.254279546683339,29488
2.920140555430841,29489
2.78817326768466,29490
2.7125551867317585,29491
27.53820548913708,29492
15.586878577110719,29493
8.444245330614756,29494
6.1588204218730445,29495
4.735861388405785,29496
4.299754046109595,29497
4.127232149940542,29498
4.007490799348589,29499
24.03248221522763,29500
12.500229337019906,29501
6.6690890468484945,29502
4.920887963917195,29503
3.415850825256779,29504
2.979562817838042,29505
3.037204332261844,29506
3.0339902429207717,29507
27.718980414042797,29508
15.697279119305826,29509
8.675504813204846,29510
6.2686850145047845,29511
4.859105217796668,29512
4.357246082007104,29513
4.176066175055754,29514
4.078196574397054,29515
21.504046518840536,29516
11.86119568357643,29517
6.069472877583931,29518
4.226038555030997,29519
3.0765032008064193,29520
2.743969933771071,29521
2.6568143772294217,29522
2.5293192983459813,29523
26.39273872780662,29524
15.809942705106389,29525
8.802989822593913,29526
6.592157882763266,29527
5.273262210462172,29528
4.632671891969873,29529
4.440758666475927,29530
4.284824537303847,29531
28.620134385229434,29532
16.26217368555694,29533
9.411761334602133,29534
6.719603510862721,29535
5.333130843991867,29536
4.639504663441138,29537
4.416952752262682,29538
4.324349762376572,29539
29.836108374261084,29540
19.427342425411716,29541
13.211172563940366,29542
10.000540206330069,29543
8.69676463877599,29544
9.089468138093428,29545
8.519126656894379,29546
8.198447292487678,29547
21.408807533702685,29548
11.969236743524808,29549
6.049645609671737,29550
4.205227828541693,29551
3.0447625534646456,29552
2.772149431472521,29553
2.647639837014234,29554
2.5381325097935488,29555
22.112925930746794,29556
12.610509048495466,29557
6.7956120545698795,29558
4.818350285523759,29559
3.748840827006698,29560
3.4680420433727592,29561
3.3185558646925215,29562
3.2415504874843735,29563
21.48062980753471,29564
11.948854148084147,29565
6.2330756624996475,29566
4.317221571992265,29567
3.1640286410379646,29568
2.859835201815955,29569
2.694164284242599,29570
2.6166525312885276,29571
21.719657021080113,29572
11.880217024347207,29573
6.269129079920795,29574
4.331753601460819,29575
3.1778919400096335,29576
2.8345482133237767,29577
2.6923718310446447,29578
2.596031762506698,29579
21.32871521921161,29580
11.651672699715157,29581
5.809538041197727,29582
3.8955157278280703,29583
2.706873558566028,29584
2.3855611854251695,29585
2.3232480988444393,29586
2.2316417406625186,29587
21.405868892569895,29588
11.87465385123579,29589
6.057029304826699,29590
4.141336151335703,29591
2.9581791107359434,29592
2.6499404407281246,29593
2.512337325885733,29594
2.4407393188684763,29595
21.519777727151457,29596
11.937969096523297,29597
6.228298864469901,29598
4.3125434366622155,29599
3.161422749835311,29600
2.843687777185811,29601
2.703893581454187,29602
2.619929537978889,29603
21.379042321173163,29604
11.687086212265465,29605
5.957228755570218,29606
4.037264505138401,29607
2.932436324268991,29608
2.6388558653562963,29609
2.449637052246193,29610
2.3686068453979385,29611
21.324936060501976,29612
11.691620206022765,29613
6.026163997344869,29614
4.097967646433101,29615
2.9451634570069,29616
2.627529371854966,29617
2.498628794037124,29618
2.413760993975965,29619
21.324936060501976,29620
11.691620206022765,29621
6.026163997344869,29622
4.097967646433101,29623
2.9451634570069,29624
2.627529371854966,29625
2.498628794037124,29626
2.413760993975965,29627
86.4356631000922,29628
21.685625847701395,29629
21.06721807883125,29630
22.42892885876203,29631
13.244006130992144,29632
7.037389886561501,29633
4.67158413793835,29634
3.535295880426623,29635
3.105590983551862,29636
2.9679924640563486,29637
2.9261896004676213,29638
27.200531928410335,29639
15.934844780729488,29640
8.861097019780045,29641
6.449361602210401,29642
4.948381799984221,29643
4.562815196638604,29644
4.3801721062052055,29645
4.255142952466202,29646
27.827034728681863,29647
15.848632385375192,29648
9.93120395467503,29649
6.054104989012556,29650
4.568710409301428,29651
4.402185803553996,29652
4.158457893867054,29653
3.9549529166133626,29654
25.94096039220591,29655
16.205520371027895,29656
9.210325578179619,29657
6.840857949953031,29658
5.803126184469743,29659
5.4969530477537765,29660
5.5757611530557325,29661
5.610559249828028,29662
18.932346934200837,29663
11.75482824338125,29664
6.276778706521633,29665
4.2593999559426505,29666
3.3481865167536142,29667
2.887113845775529,29668
2.688850792166845,29669
2.4764213716777177,29670
23.460253786082927,29671
13.902077009376354,29672
8.318875962572877,29673
5.811395472412944,29674
4.670900425564055,29675
4.430286201001667,29676
4.373736850843661,29677
4.3247858764540545,29678
25.741550040268454,29679
16.514006672862486,29680
9.921006738651021,29681
6.879695933774279,29682
5.298978328461816,29683
4.997729899619452,29684
4.796400452755721,29685
4.831474033254206,29686
29.66114882731456,29687
17.96636884387645,29688
16.46347235624469,29689
11.541001230933343,29690
10.315367733014961,29691
10.025646906630634,29692
10.197249773087599,29693
9.773353960406036,29694
10.928349663574924,29695
19.605026193744628,29696
21.58436652618067,29697
12.06721456725735,29698
6.4129226827515105,29699
4.471353235954398,29700
3.2900623175556754,29701
3.0056124124285564,29702
2.835987402951773,29703
2.54308058226082,29704
21.484362664260203,29705
12.17861225520537,29706
6.207870314444811,29707
4.274957728126183,29708
3.1298524546793076,29709
2.8246671450739353,29710
2.669058691227744,29711
2.5387719875475185,29712
218.23874381356825,29713
77.76121957538436,29714
68.08163284967851,29715
69.91189063461668,29716
69.75457635889262,29717
21.659020386498444,29718
12.089368456513416,29719
6.3765406352708585,29720
4.463049902775953,29721
3.316223920617213,29722
3.0002680374208466,29723
2.860145046724097,29724
2.7727275975977457,29725
21.97938386888574,29726
12.434564177561436,29727
6.656237052245636,29728
4.735784446198799,29729
3.6335767108109653,29730
3.306003427356429,29731
3.143116328325055,29732
3.069149031053165,29733
21.08220162168987,29734
11.950463091219305,29735
6.199228550686217,29736
4.116161829605249,29737
2.9639024428381586,29738
2.5969232747706283,29739
2.497888386185012,29740
2.4092160852673596,29741
22.256878290278234,29742
12.683886555703886,29743
7.0115119566898025,29744
4.884680661009706,29745
3.850085682297956,29746
3.664317995031633,29747
3.5279060960851214,29748
3.471586896706174,29749
22.844587965356055,29750
12.464677593381458,29751
6.4244898140125155,29752
4.902128736735674,29753
3.7075579805532493,29754
3.1969668028898326,29755
2.9453310857502766,29756
3.039860201600044,29757
21.100398678997703,29758
11.437095601564005,29759
5.6596803959046635,29760
3.859355403552723,29761
2.6176833021774315,29762
2.3377067618738185,29763
2.1765784743385814,29764
2.1197392797524244,29765
21.91343784869451,29766
12.020884741025936,29767
6.268306964791167,29768
4.491847795934887,29769
3.4397527779619237,29770
2.856784723942349,29771
2.7747317141012666,29772
2.6725026004124985,29773
21.00347347164469,29774
12.02128516131399,29775
5.971857899314592,29776
4.012622594359923,29777
2.8652722592050477,29778
2.5029027359706886,29779
2.4863243986571075,29780
2.4836897908979174,29781
22.93527611520784,29782
12.741907385067302,29783
6.8508789951001825,29784
5.066343486411141,29785
3.8090755257249174,29786
3.5927591503501586,29787
3.429614854995832,29788
3.0739164922290483,29789
21.764455980935566,29790
12.128009291548706,29791
6.469490918383836,29792
4.510249057084426,29793
3.3358484413392766,29794
3.0063789360567235,29795
2.881965958710008,29796
2.7614172557531553,29797
21.677292527852735,29798
12.04937070989426,29799
6.413341235281575,29800
4.421323193356517,29801
3.286883764000211,29802
2.982239831686796,29803
2.840311276979253,29804
2.754772139197569,29805
21.518459020756907,29806
11.959289366084542,29807
6.217537963810989,29808
4.2967747958801406,29809
3.157951589361579,29810
2.840265243813422,29811
2.694744341633274,29812
2.615110720173476,29813
21.120686911882824,29814
11.601099860748128,29815
5.812147826484123,29816
3.914533701932023,29817
2.7536510591344245,29818
2.441494748601716,29819
2.3128517536345923,29820
2.224341564370043,29821
21.14028322493526,29822
11.597431657385245,29823
5.8237733770998075,29824
3.9198258537300497,29825
2.7557251822421858,29826
2.4399672141153816,29827
2.314599729949107,29828
2.2245247853314645,29829
20.825482738268597,29830
11.21038403649164,29831
5.479659275032309,29832
3.5823676074658457,29833
2.4159107286947443,29834
2.101468976960268,29835
1.9557362902890836,29836
1.8805088161273211,29837
21.125060564625443,29838
11.608197669825785,29839
5.837851900521707,29840
3.8985587861068494,29841
2.7129162597567733,29842
2.399512767017596,29843
2.3060596884888507,29844
2.2176983001287116,29845
21.58703500606216,29846
12.035593089732508,29847
6.298580758893559,29848
4.384327538762995,29849
3.235625662366714,29850
2.907205980324371,29851
2.779366050213986,29852
2.6955003155988315,29853
21.543803387698397,29854
12.14986990185546,29855
6.236480373064807,29856
4.326941323355359,29857
3.1449195199548714,29858
2.824623599440924,29859
2.6701410632689915,29860
2.4082508826635016,29861
21.169934554444243,29862
11.533793605503035,29863
5.783100370618647,29864
3.8455015183382866,29865
2.716278061820118,29866
2.411060795635055,29867
2.2806732254613227,29868
2.198003319926442,29869
14.586456917909953,29870
17.729182277322778,29871
16.809997660311367,29872
10.865985030174228,29873
21.188820196607203,29874
14.038523524444118,29875
7.569013764218533,29876
5.410443707425049,29877
3.744177010366982,29878
3.355616415426339,29879
3.2630108723346853,29880
3.116670819704414,29881
21.147806521643737,29882
14.136546921903854,29883
7.70041783660701,29884
5.405212585214966,29885
3.7403054395927104,29886
3.3558653645758323,29887
3.2632545285315877,29888
3.118583834939649,29889
21.21003162302027,29890
11.575804675294185,29891
5.786736087958911,29892
3.879170582250265,29893
2.709257162340681,29894
2.4074943554883323,29895
2.3153879046725656,29896
2.210431465224027,29897
21.039954196422215,29898
11.471826563911787,29899
5.702303865925075,29900
3.930751016443243,29901
2.7013836183899484,29902
2.4611614713126744,29903
2.265505224542416,29904
2.2041389891259575,29905
21.87325339600906,29906
12.820551612348396,29907
6.570320549312324,29908
4.456453790629124,29909
3.358110378923822,29910
3.143961830668933,29911
2.935494002014437,29912
2.8160667762477316,29913
21.864132670872966,29914
12.71478791711284,29915
6.552541545561094,29916
4.48048579712566,29917
3.2786029739909335,29918
2.988373197009384,29919
2.8973475911142805,29920
2.7779623227355277,29921
21.890984841407484,29922
12.822445377292212,29923
6.506466437787022,29924
4.462587602770226,29925
3.4344436213141343,29926
3.1469706468049043,29927
2.938601599288411,29928
2.8095508907906286,29929
21.817268423188104,29930
12.4508610170341,29931
6.578130706013055,29932
4.57570793069757,29933
3.4204815236815462,29934
3.112540672089398,29935
2.965048035618266,29936
2.8873641706404567,29937
21.902694534960478,29938
12.850793689876708,29939
6.527996337011081,29940
4.3840925392297265,29941
3.335944503069428,29942
3.15778347061473,29943
2.939245462619675,29944
2.8172204843547846,29945
21.566639157150412,29946
12.331142236174985,29947
6.268455446959711,29948
4.313332650488383,29949
3.0655256818007555,29950
2.8445386088082554,29951
2.782259652487603,29952
2.672358245713764,29953
21.867779433697123,29954
12.936981059294986,29955
6.574388422747832,29956
4.543147530669748,29957
3.533002195923743,29958
3.2101197173877036,29959
2.8782470418242054,29960
2.970076815338626,29961
8.794611748670274,29962
8.766222752478074,29963
7.429835639577449,29964
21.690627051462744,29965
12.183496230630194,29966
6.360313954501878,29967
4.548982592198181,29968
3.3333785698926586,29969
3.014858659405032,29970
2.8156024972143987,29971
2.7582655817853854,29972
27.13126371497615,29973
11.215887694753027,29974
9.287091871943675,29975
8.111645080537748,29976
7.380590258359163,29977
19.878438655511655,29978
12.040778302254079,29979
7.712071636496645,29980
6.024346358639924,29981
3.877652609579898,29982
3.967974646985959,29983
3.6962758396534285,29984
3.750480464094234,29985
20.861975966269252,29986
11.355811851482969,29987
5.620151020359682,29988
3.708434590069461,29989
2.555837726319679,29990
2.232671808088801,29991
2.0965171657528625,29992
2.0107054302188256,29993
22.637283064028317,29994
12.562956867200512,29995
6.178720265521084,29996
3.9998471893742695,29997
2.843278068321367,29998
2.6116539982224665,29999
2.4856122407084844,30000
2.343458993411762,30001
25.729609644856126,30002
14.165901088667301,30003
8.050329441138771,30004
5.785899089983493,30005
4.3824305971487325,30006
3.8283926704076405,30007
3.677509755026277,30008
3.59872232577329,30009
23.776505324710666,30010
12.620911286279522,30011
7.193843859184783,30012
5.099602933706908,30013
3.5241057857724676,30014
2.9325184786439547,30015
2.8272553377427494,30016
2.805758372251188,30017
21.79231986995646,30018
12.231124239745775,30019
6.302768794635909,30020
4.567868439654109,30021
3.3736077597735927,30022
2.9496389485451764,30023
2.814899931516009,30024
2.758747555904138,30025
17.96177548638375,30026
9.407040197443838,30027
4.657029668051788,30028
2.92723987372977,30029
2.108874377936715,30030
1.9128993021402083,30031
1.8753638623747215,30032
1.8136258720059382,30033
18.136715232329916,30034
10.28743258159319,30035
4.846683017865716,30036
3.241925005832907,30037
2.3891155944737235,30038
2.295760523885314,30039
2.2248551674034225,30040
2.116278216121831,30041
30.640846359204883,30042
20.52547732390035,30043
14.207246364605357,30044
12.307046057519774,30045
10.183999337457143,30046
9.795949128744647,30047
9.656435944185452,30048
9.423654925513459,30049
31.451176400535996,30050
20.574890997176748,30051
14.475937357204218,30052
12.17141364920535,30053
10.758692634919617,30054
10.555229067225962,30055
10.464656726267904,30056
10.57843280617124,30057
3.1446051374968906,30058
23.13521875493627,30059
13.596857408139426,30060
6.251848099997858,30061
3.8521499554273393,30062
2.974188658902325,30063
2.798421587145531,30064
2.629158264173661,30065
2.5370004121853973,30066
20.497937592090885,30067
11.148829830197208,30068
5.494884805596279,30069
3.491382239192062,30070
2.3532816011579403,30071
2.110849710551556,30072
1.8967714734967518,30073
1.8110711200868552,30074
139.3072585073752,30075
112.86957071801999,30076
80.2744164577321,30077
73.98107142107375,30078
34.450802510528256,30079
26.19730269031225,30080
15.639609230183284,30081
10.862702454489595,30082
8.08317895876106,30083
6.627597562209888,30084
5.8020501642127815,30085
5.679288316114985,30086
5.514563380255448,30087
16.960634525912486,30088
9.432683111468648,30089
8.114611607001626,30090
5.623202796359706,30091
24.414835947464617,30092
14.35730454039028,30093
7.7574842345083574,30094
4.837948080496183,30095
3.913256807353506,30096
3.711012548874803,30097
3.605735276941332,30098
3.460697250576411,30099
29.393812713041306,30100
18.287668571491412,30101
12.099618035583209,30102
10.444982951407761,30103
8.667129212415826,30104
8.548214631236899,30105
7.775732733561321,30106
7.589147128118159,30107
29.07501938314329,30108
17.423669552970367,30109
11.0568772905749,30110
8.633382888653438,30111
7.164829315768636,30112
6.695387824188177,30113
6.450251958969562,30114
6.472637804391759,30115
21.400320956541407,30116
11.926137660171438,30117
6.05885367618549,30118
4.074883102060774,30119
2.9310160045999165,30120
2.5952976127625735,30121
2.490864120158119,30122
2.399591137696784,30123
20.676069524405033,30124
10.994541353458276,30125
5.2415875223920265,30126
3.285079345260902,30127
2.138308688153316,30128
1.8160910870047926,30129
1.707292201381758,30130
1.5885269859610707,30131
20.89906762211674,30132
11.08047135249026,30133
5.457459909808136,30134
3.513212010875694,30135
2.2805326855906123,30136
2.062255118514015,30137
1.8989691633950716,30138
1.8069816615524295,30139
4.42536541415421,30140
4.302610629160971,30141
5.100631008535035,30142
5.273312360035487,30143
5.152895654443492,30144
5.603607659331313,30145
6.93522319304358,30146
4.8787183864255885,30147
3.7114065431869925,30148
3.608457372514543,30149
4.211505243823947,30150
1.3975022820713447,30151
1.3896163950228952,30152
30.88091619490886,30153
25.793285027179767,30154
34.756888352656745,30155
8.294705713978077,30156
2.418294990871915,30157
2.8442731695025776,30158
24.243300805068394,30159
13.937826639419702,30160
6.943292485389816,30161
4.826011124609686,30162
3.8425089853851,30163
3.378445347658603,30164
3.249567094901049,30165
3.1489888809431426,30166
25.114979555059417,30167
11.803614275868012,30168
8.372027187720787,30169
7.734881632411687,30170
6.922043125830504,30171
6.581446869058947,30172
5.752654518877428,30173
5.304209675569869,30174
7.344773152111625,30175
12.296364621257066,30176
3.58101093054406,30177
19.0606074194909,30178
182.87035499269487,30179
46.16481848289837,30180
25.736781247790027,30181
10.75804247426017,30182
10.6750756986765,30183
11.977615858134552,30184
6.253780876697388,30185
25.201453143933815,30186
22.217585864683354,30187
14.501024603849004,30188
39.59787468815615,30189
31.684863562407095,30190
28.540282892091337,30191
20.81126893042586,30192
17.782240984027382,30193
12.293559974987748,30194
21.313529471413943,30195
9.664553327916412,30196
7.13450434794116,30197
3.5712972367192246,30198
8.118090247968317,30199
9.439396655054521,30200
12.681695648793223,30201
34.53067549271544,30202
17.422160711352177,30203
17.24811997410307,30204
5.992298032941732,30205
5.304259077899933,30206
4.819284132931161,30207
4.091602196062818,30208
14.866456153776614,30209
5.368879450758619,30210
3.1416982343872752,30211
3.2322482816177565,30212
4.758606342518541,30213
2.9411014952403103,30214
58.341995536316915,30215
50.561620822705514,30216
29.084876530479672,30217
16.692278464052084,30218
9.72587068243561,30219
10.552551942167437,30220
8.36260551242056,30221
8.112552722932996,30222
9.473895833657327,30223
9.240544928743851,30224
18.179358400644546,30225
12.068877370648798,30226
10.07357678802904,30227
6.624152248638603,30228
21.966888586562256,30229
6.195853475610017,30230
5.994999263134941,30231
7.587270465653904,30232
8.067606229562891,30233
37.883644051108014,30234
36.071822746737595,30235
